1 1 1 0 0
2 2 1 0000 00
1 2 1 00 00
1 2 1 00 00
2 1 1 00 0
4 2 2 00000001 0000
5 6 2 000000000000000000000000000000 000000000000
3 1 1 000 0
2 1 2 00 00
3 3 3 000100000 000010000
6 5 2 000000000000000000000000010000 0000000000
4 5 4 00000000000000000000 00000000000000000000
3 1 1 000 0
5 1 2 00010 00
2 2 1 0000 00
3 4 2 000000000000 00000001
3 5 6 000000000010000 000000000000000000000000000000
6 4 6 001000100010101000000000 000000000000000000000000
4 1 1 0000 0
0 2 1 - 00
3 3 3 000000000 000100000
4 6 5 000000000000010000000000 000000000000000000000000010000
4 4 5 0000000000000000 00000000000000000000
6 5 4 000000000000000000000000000000 00000000000000000000
2 5 1 0010000000 00010
3 2 2 000010 0000
1 3 4 000 000000000000
2 3 5 000000 000000000010000
7 6 4 000000110000110000000000000000110010000001 001000100010101000000000
5 4 6 00000100000000000100 000000000000001000000000
2 3 3 000000 000000000
3 4 6 000000000000 000000000000010000000000
3 4 4 000000000000 0000000000000000
3 6 5 000000000000000000 000000000000000000000000000000
4 5 3 00000000000000000000 000000000000000
2 3 2 100100 000010
3 1 3 000 000
3 2 3 001000 000000
3 7 6 000000000000000000000 000000110000110000000000000000110010000001
3 5 4 000000000000000 00000100000000000100
4 4 4 0000000000000000 0000000000000000
2 2 3 0000 000000
4 3 4 000000000000 000000000000
3 3 4 000000000 000000000000
3 3 6 000000000 000000000000000000
3 4 5 000010000000 00000000000000000000
2 3 5 000100 000000000001000
3 3 1 000000000 000
1 3 2 000 001000
4 3 7 000000000000 000000000000000000000
3 3 5 000000000 000000000000000
0 4 4 - 0000000000000000
2 3 2 100000 000000
1 4 3 0000 000000000000
1 3 3 000 000000000
1 3 3 000 000000000
1 3 4 001 000010000000
5 2 3 0000101010 000100
3 4 4 000000000000 0000000000000100
4 1 3 0000 000
2 4 3 00000000 000000000000
1 3 3 000 000000000
2 2 3 0000 100000
1 5 4 00000 00000000000000000000
4 1 3 0000 000
3 1 3 000 000
2 1 3 00 001
1 5 2 00000 0000101010
0 3 4 - 000000000000
3 2 5 000000 0000000000
1 2 4 00 00000000
2 1 3 00 000
2 2 2 0000 0000
3 1 5 000 00000
4 3 5 000000000000 000001000010000
3 3 1 000000000 000
4 2 1 00000001 00
3 1 5 000 00000
3 3 2 000000001 000000
2 3 4 000000 000000000000
4 2 1 00000001 00
2 3 3 000000 000000010
2 2 2 0000 0000
4 3 1 000000001100 000
3 4 3 000000001000 000000000000
2 2 2 0000 0000
2 4 2 10000000 00000001
2 3 1 000000 000
2 3 3 100000 000000001
2 2 3 0000 000000
6 3 3 000100000000000010 000000000
2 2 3 0000 000000
4 2 2 00000110 0000
2 4 3 10000000 000000001100
2 3 4 000000 000000001000
4 2 2 00000110 0000
2 4 3 10000000 000000000001
3 2 3 001001 000000
2 4 3 00001000 000000001010
2 2 3 0000 100000
4 2 2 00001001 0000
2 6 3 000000100000 000100000000000010
2 3 3 000000 000000000
3 4 2 000010000000 00000110
1 2 4 00 10000000
4 2 3 00001001 000000
2 4 2 00001000 00000110
2 2 4 0000 10000000
4 3 4 000000010100 000000001000
1 2 4 00 00001000
4 2 2 00101001 0000
2 4 2 00001000 00001001
2 2 6 0000 000000100000
4 2 3 00000110 000000
2 4 2 00001000 00000110
1 1 1 0 0
3 3 1 000000000 000
1 1 1 0 0
2 3 2 000000 000000
7 3 1 000000000000000000000 100
4 2 1 00000000 00
4 2 1 00000000 00
3 3 3 000000000 100000000
3 1 1 000 0
6 3 3 000000000000000101 000000000
7 7 2 0000000000000000000000000000000000000000000000000 00000000000000
5 1 1 00000 0
3 3 2 100100000 000000
2 2 3 1010 000000
6 4 3 000001000000000010000000 000000010000
8 7 3 00000000000000000000000000001010000000000000000001000000 000000000000000000000
3 6 4 000000000000000000 000000000000000000000000
5 4 2 00000010001000000000 00000000
5 3 3 000000000101000 000000000
4 3 1 000000000000 000
3 6 3 000000000000000000 000000000000000101
3 7 7 000000000000001100000 0000000000000000000000000000000000000000000000000
7 6 6 001000000000000000001000101000000000000000 000000000000000000000000000000000000
6 3 3 000000000000000000 100100000
2 2 2 0000 1010
3 6 4 000000000000000000 000001000000000010000000
5 8 7 0000000000000000000000000100000000000000 00000000000000000000000000001010000000000000000001000000
4 3 6 000000000000 000000000000000000
6 7 8 000000000000000000000000000000000000000000 01100000000000000000000000000000010000000000000000000000
3 5 3 000000010000000 000000000101000
4 4 3 0000100000001010 000000000000
2 3 6 000000 000000000000000000
3 3 7 000000000 000000000000001100000
6 7 6 000000001000000100000000000000000000100001 001000000000000000001000101000000000000000
5 4 8 00000000010000000000 00000000000000000000100000000000
3 2 2 000000 0000
2 3 6 000000 000000000000000000
6 5 8 000000000000000000000000000000 0000000000000000000000000100000000000000
2 4 3 00000000 000000000000
3 6 7 000000000000000000 000000000000000000000000000000000000000000
7 6 5 000000000000010000010000000000000000000000 000000000000000000001000000000
2 4 4 00001000 0000100000001010
6 2 3 000000000000 000000
4 3 3 000000100000 000000000
4 6 7 000000000000000000000000 000000001000000100000000000000000000100001
6 5 4 000000100000000010000000000000 00000000010000000000
5 7 5 00000000000000000000000000000000000 00000000000000000000000000000000000
4 2 3 00100000 000000
7 6 5 000000000000001000000000000000000000000000 000000000000000000000000000000
3 2 4 000000 00000000
5 3 6 000000100000000 000000000000000000
6 7 6 000000000000000011000000000010000000000000 000000000000010000010000000000000000000000
4 5 6 00000000000000011000 000000000000000000000000001000
5 6 2 000000000000010100010000010000 000000000000
3 4 3 000000000000 000000100000
4 4 6 0000000000000100 000000000000000000000000
5 6 5 000000000000001000000000000000 000000100000000010000000000000
1 5 7 00000 00000000000000000000000000000000000
4 6 4 000000000000101000000000 000000000000000000000000
3 7 6 000000000000000000000 000000000000001000000000000000000000000000
2 3 2 000000 000000
1 5 3 00000 000000100000000
4 6 7 000000100000100000100001 000000000000000011000000000010000000000000
7 4 5 0010000000000010011001000100 00000000000000011000
6 6 6 000000000000000000000000000000000000 100000000000010000000000000000010010
5 3 4 000000000000000 000000000000
3 4 4 000000000000 0000000000000100
4 5 6 00000000001000000000 000000000000001000000000000000
5 1 5 00010 00000
4 4 6 0000000001000000 000000000000101000000000
5 9 8 000000000010000000100000000000000000010000000 000000000000000000000000000000000001000000000000000100000000000000010000
6 2 3 000010000000 000000
5 1 5 00000 00000
3 4 6 100000000000 000000100000100000100001
4 7 4 0000000000000000000000000000 0010000000000010011001000100
2 6 6 000000000100 000000000000000000000000000000000000
6 6 8 110000000100000000000000000000000000 000000000000000000000000000000000000000000000000
3 3 4 000100000 000000000000
2 4 5 00000000 00000000001000000000
5 5 1 0000000100000000000001000 00010
5 4 4 00000000010000000000 0000000001000000
5 5 9 1000000010000000000000000 000000000010000000100000000000000000010000000
7 6 6 000000000000000000011000110000000000000000 000000000000000000001100101000101000
3 5 1 000000000000000 00000
5 3 4 000000000000001 100000000000
6 4 7 000000000000010000100000 0000000000000000000000000000
4 2 6 00000000 000000000100
4 6 6 000000000000000000000001 110000000100000000000000000000000000
6 6 5 000000000000000000010000101100101000 000000000000000000000000000100
5 2 4 0000000001 00000000
4 5 5 00000000000000010000 0000000100000000000001000
3 5 4 000010000000000 00000000010000000000
6 5 5 000000000000000000000000100100 1000000010000000000000000
5 7 6 00000000000000000000000100001000000 000000000000000000011000110000000000000000
3 5 2 000010000000000 0000000000
4 5 3 01000000000000010000 000000000000001
2 6 4 000000000000 000000000000010000100000
6 4 2 000000001000000000010010 00000000
5 4 6 10000000000001000000 000000000000000000000001
2 6 6 000000000000 000000000000000000010000101100101000
8 5 5 0000000000010000010000000000000000010010 0000000000000000000000000
4 4 5 0000000000000000 00000000000000010000
5 3 5 000000000001010 000010000000000
5 6 5 100000000000000000010000001000 000000000000000000000000100100
3 5 7 000000000000000 00000000000000000000000100001000000
5 3 5 000000000001010 000010000000000
5 6 3 100000000000010000000000001000 000000000000000001
4 2 6 00001001 000000000000
4 6 4 000000010000100000100000 000000001000000000010010
3 5 4 001010000000000 10000000000001000000
5 2 6 0000001001 000000000000
4 8 5 00000000000000001000000001000000 0000000000010000010000000000000000010010
3 6 4 000001000000000000 000000000000010000000000
5 5 3 0000000000010001000000000 000000000001010
1 5 6 00000 100000000000000000010000001000
5 3 5 000000000010001 000000000000000
4 5 3 00000100000000001000 000000000001010
2 5 6 0000000000 100000000000010000000000001000
7 4 7 0000000000001000000000100100 0000000000000000000001000000
2 4 6 00000000 000000010000100000100000
4 3 5 000010010001 001010000000000
5 5 2 0000010000000000000000000 0000001001
3 4 8 000000000000 00000000000000001000000001000000
4 3 6 000000001010 000001000000000000
5 6 2 000000100000000000010000011000 000000000110
2 1 1 00 0
0 1 1 - 0
1 1 1 0 0
3 2 1 000000 00
3 2 2 000000 0000
4 4 1 0000000000000000 0000
3 4 3 000000000000 000000000000
5 2 2 0000000000 0000
2 1 1 00 0
2 3 2 100100 000000
3 3 2 100000000 000000
5 4 4 00000000000000001001 0000000000000000
8 6 3 000000000000000000000000000000000000000000000000 000000000000000000
4 2 1 10000000 00
3 3 4 010000000 000000000000
3 6 4 001000000000100000 000000000000000001000000
8 5 2 0000000000000000000000000000000000010000 0000000000
6 8 6 000000000000000000000000000000000000000000000000 000000000000100000000000100000000000100000000000
6 2 1 000000100000 00
6 2 3 000000001100 100100
2 3 3 000000 100000000
5 5 4 0000000000000000000000000 00000000000000001001
5 8 6 0000000000000000100000000000000001000000 000000000000000000000000000000000000000000000000
7 7 8 0000000000100000010000000000010100000010000000000 00000000000000000000000000000000101100000000100000000000
6 2 1 000000100000 00
1 3 3 000 010000000
4 3 6 000000000000 001000000000100000
6 8 5 000000000000000000000000000000000100000000000000 0000000000000000000000000000000000010000
4 6 8 000000000000000000000000 000000000000000000000000000000000000000000000000
10 7 5 0000000000000000000000000000000000000000000000000000000000000000000000 00000010000000000000000000000000000
4 6 2 000000001000000100000000 000000001100
3 2 3 000011 000000
3 5 5 000000000001010 0000000000000000000000000
3 5 8 000000000000000 0000000000000000100000000000000001000000
10 7 7 0000000000000000000000000000100000010000000000000000000011000100000001 0000000000100000010000000000010100000010000000000
7 6 8 000000000000001000010000000000000000010000 000000000000000000000000100000000000100000000000
3 1 3 000 000
3 4 3 000000000000 000000000000
6 6 8 000000000000010000000000000000000000 000000000000000000000000000000000100000000000000
4 4 6 0000000000000000 000000000000000000000000
3 10 7 000000000000000000000000000000 0000000000000000000000000000000000000000000000000000000000000000000000
6 6 5 000000000000001000000000000000000000 000000000000000000001000000000
3 3 2 000100100 000011
4 3 5 000000000000 000000000001010
5 3 5 000000010100000 000000000000000
4 10 7 0000000000000000000000000000000000000000 0000000000000000000000000000100000010000000000000000000011000100000001
4 7 6 0000000000000000000000000000 000000000000001000010000000000000000010000
3 5 4 000000000000000 00000000000000000000
3 3 4 000000000 000000000000
4 6 6 000000000000000000000000 000000000000010000000000000000000000
5 4 4 00000000010000000000 0000000000000000
6 3 10 000000000000000000 000000000000000000000000000000
3 6 6 000000100000000000 000000000000001000000000000000000000
3 3 5 000000100 000000000000100
5 4 3 00000000000000000000 000000000000
2 5 3 0000000000 000000010100000
7 4 10 0000000000000100000000000000 0000000000000000000000000000000000000000
4 4 7 0000000000000000 0000000000000000000000000000
1 3 5 000 000000000000000
3 4 3 000001000000 000000000000
2 4 6 00000000 000000000000000000000000
3 5 4 110001100000000 00000000010000000000
2 6 3 010100000000 000000000000000000
2 3 6 000001 000000100000000000
7 3 3 000000010000100100100 000000100
3 4 5 000000000000 00000000000000000000
6 2 5 000010000000 0000000000
2 7 4 00000000000000 0000000000000100000000000000
2 4 4 00000000 0000000000000000
5 1 3 01000 000
2 3 4 000000 000001000000
3 5 6 000000000000000 000000000000000000000000000000
5 3 5 000000000000000 110001100000000
3 2 6 000000 010100000000
5 2 3 0000000000 000001
2 7 3 00000000000000 000000010000100100100
0 3 4 - 000000000000
5 3 5 000110110110000 000000000000000
1 2 7 00 00000000000000
4 2 4 00100000 00000000
5 5 1 0000010000000000000000010 01000
2 2 3 0000 000000
5 3 5 000100000000000 000000000000000
5 5 6 0000000000000000000000000 000000000000011000100000100000
4 3 2 000000000000 000000
5 5 2 0000010000000000000010001 0000000000
4 2 7 00000000 00000000000000
4 5 3 00000100000000000001 000110110110000
3 4 6 000000000000 000000100000000000000000
4 4 2 0000000000001001 00100000
3 5 5 000000000010000 0000010000000000000000010
3 2 2 000000 0000
4 5 3 00000000000000110100 000100000000000
4 5 5 00000000000000010000 0000000000000000000000000
4 3 2 000100000000 000000
2 5 5 1000000000 0000010000000000000010001
4 4 2 0000000000000000 00000000
2 4 5 10000000 00000100000000000001
5 3 4 000000000000000 000000000000
8 5 5 0000000000000000010000000000000000000010 1000011000000000000000000
4 3 5 000000000000 000000000010000
5 3 2 000000000001010 000000
2 4 5 10000000 00000000000000110100
4 4 5 0000010000000000 00000000000000010000
6 4 3 000000001000000000010010 000100000000
3 5 6 100000000000000 000000001000000000000000000001
4 4 4 0000100000100001 0000000000000000
3 4 4 000010000000 0000000000010010
3 2 4 000000 10000000
5 5 3 0000010000000001001000001 000000000000000
4 8 5 00000000010000000000000000100000 0000000000000000010000000000000000000010
4 4 5 0000000000000000 00000000000000000100
4 5 3 00000100000100000000 000000000001010
2 2 4 0000 10000000
4 4 4 0000000010100001 0000010000000000
3 6 4 000000100000010000 000000001000000000010010
4 3 5 000001000000 100000000000000
5 7 6 00000000000000000000000000101000100 000000010000010000010010000000000000110000
3 3 4 000001000 000010000000
4 3 2 000010010001 000000
2 5 5 0000010000 0000010000000001001000001
3 4 8 000000000000 00000000010000000000000000100000
5 4 4 00000100000000010010 0000000000000000
3 6 6 000000100000000000 000000100000001100000000000001100010
1 1 1 0 0
1 1 1 0 0
1 2 1 00 10
2 1 1 00 0
5 2 2 0000000000 0001
2 1 1 00 0
2 1 2 10 00
3 4 2 000000000000 00000100
1 2 1 00 00
4 5 2 00000101110100000000 0000000000
3 2 1 000000 10
1 2 1 00 00
1 2 1 00 10
4 3 4 000000000000 000000000000
6 6 3 000000000000000000000000000000000000 000010000000000000
4 3 2 000000000000 000100
1 1 2 0 00
4 4 5 0000000010000000 00000101110100000000
8 3 2 000000000000000000000100 000000
5 6 6 000000000000000000000000000000 000000000000010000000000000000100000
4 2 2 00000000 0000
6 1 2 000010 00
2 1 2 00 00
4 4 3 0000000011000000 000000000000
5 6 6 000000000000001000001000100000 000000000000000000000000000000000000
7 6 7 000100000100000000000100010100000000000000 000000000000000000000000000000000000000000
6 2 1 000000100000 00
0 1 1 - 0
3 4 4 000000000000 0000000010000000
5 8 3 0000000000001000000000000010000000000000 000000000000000000000100
5 5 6 0000000100000000000000000 000000000000000000000000000000
7 7 6 0000000000000000000000000000000000000000000000000 000000000000000000000000000000000000000000
2 6 1 000100000000 000010
3 2 1 000010 00
2 4 4 00000000 0000000011000000
2 5 6 0000000000 000000000000001000001000100000
8 7 6 00000000010000110000011000000000000000000000000100000001 000100000100000000000100010100000000000000
6 6 8 000000000000010000000000000000010000 000000000000000000000000100000000000100000000000
3 3 4 000000000 000000000000
3 5 8 000000000000000 0000000000001000000000000010000000000000
3 5 5 000000000000000 0000000100000000000000000
4 7 7 0000000000000000010000000000 0000000000000000000000000000000000000000000000000
4 7 6 0000000000000000000000000000 000000000000000000000000010000000000000000
3 3 2 000100100 000010
3 2 4 000000 00000000
3 2 5 001000 0000000000
4 8 7 00000000000000000000000000000000 00000000010000110000011000000000000000000000000100000001
3 6 6 000000000000000000 000000000000010000000000000000010000
3 5 5 000000000000000 0000000000000000000000000
2 3 3 100000 000000000
4 3 5 000000000000 000000000000000
4 3 5 000000000000 000000000000000
3 4 7 000000000000 0000000000000000010000000000
3 4 7 000010000000 0000000000000000000000000000
3 4 6 000000001000 000000000000000000001000
4 3 2 000000000000 000000
2 3 2 000000 001000
4 4 8 0000000000001000 00000000000000000000000000000000
3 3 6 000000000 000000000000000000
1 3 5 000 000000000000000
2 5 3 1000000000 000000000000000
2 4 3 00000000 000000000000
2 4 3 11000000 000000000000
1 3 4 000 000000000000
2 3 4 000001 000010000000
5 3 4 000000110110110 000000001000
3 4 5 000000000000 00000000000000000000
5 2 3 0000000000 000000
2 4 4 00000000 0000000000001000
2 3 3 000000 000000000
4 1 3 0000 000
2 2 5 0000 1000000000
2 6 5 000000000000 000000000000000000000000000000
5 2 4 0000000000 11000000
3 1 3 000 000
3 2 3 100000 000001
2 5 3 0000000000 000000110110110
0 3 4 - 000000000000
3 4 6 110011000000 000000000000000000000000
1 2 4 00 00000000
2 2 3 0000 000000
4 4 1 1000000000000010 0000
2 2 2 0000 0000
3 2 6 000000 000000000000
4 4 7 0000000000000000 0000000000000001000000100000
3 3 1 000000000 000
4 3 2 000000000001 100000
4 2 5 00000000 0000000000
3 3 4 000000001 110011000000
3 4 5 000000000000 00000000000000000000
4 2 2 00000001 0000
3 4 4 000000000000 1000000000000010
3 2 2 000000 0000
4 3 2 000000001100 000000
4 4 4 0000000000001000 0000000000000000
3 3 3 000000000 000000000
2 4 3 10000000 000000000001
3 4 2 100000000000 00000000
2 3 3 100000 000000001
3 3 4 100000000 000000000000
7 4 5 0000000001000000000000000010 00000000000000000000
3 3 4 100000000 000000000000
5 3 2 100000000001010 000000
2 4 3 10000000 000000001100
2 4 4 00000000 0000000000001000
5 3 3 100000000001010 000000000
2 5 4 0100000000 00000000000000000001
4 3 4 000000010001 100000000000
3 5 3 100000000001000 000000000001010
2 2 3 0000 100000
4 3 3 000000010001 100000000
2 7 4 00000000100000 0000000001000000000000000010
2 4 4 00000000 0000000000000000
3 5 3 000000100000000 100000000001010
2 2 4 0000 10000000
4 2 4 00001001 00000000
2 5 3 0000001000 100000000001010
2 2 5 0000 0100000000
4 4 6 0000000000100100 000000000000000000100000
1 3 5 000 100000000001000
5 2 2 0000101001 0000
2 4 3 00001000 000000010001
3 2 7 000000 00000000100000
4 2 4 00000110 00000000
2 5 4 0000001000 00000000000000010010
2 1 1 00 0
2 2 1 0000 00
1 3 1 100 000
1 1 1 0 0
2 2 1 0000 00
5 2 2 0000000001 0000
4 4 1 0000000000000000 0000
3 1 1 000 0
2 1 3 00 100
5 3 3 000000000100000 000000000
7 4 1 0000000000000000000000001000 0000
2 5 4 0000010000 00000000000000000000
4 1 1 0010 0
4 1 1 0100 0
4 2 2 00000000 0000
6 5 2 000000000000000000001000000000 0000000001
2 4 4 00000000 0000000000000000
6 4 6 010001000000000000000000 000000000000000000000000
3 2 1 001000 00
4 5 3 00000000001000000000 000000000100000
4 7 4 0100000010000011000000000000 0000000000000000000000001000
4 2 5 00000000 0000010000
6 6 4 000000000000000000000000010000000000 000000001100000001000000
3 4 1 000000100000 0100
4 4 2 0000000001000000 00000000
2 6 5 000000100100 000000000000000000001000000000
3 2 4 001000 00000000
5 6 4 000000001000000000000000001001 010001000000000000000000
4 4 5 0000000000100110 00000000000000001100
4 3 2 100000000001 001000
2 4 5 00000000 00000000001000000000
3 4 7 000000000000 0100000010000011000000000000
2 4 2 00000000 00000000
3 6 6 000000000000000000 000000000000000000000000010000000000
4 5 4 00000000000000000000 00000100000000000100
5 4 4 00000000000000000001 0000000001000000
2 2 6 0000 000000100100
3 3 2 000100000 001000
2 5 6 0000000000 000000001000000000000000001001
3 4 4 000000001000 0000000000100110
5 5 5 0000000000000000000000000 0000000000101000000000100
3 2 4 000000 00000000
4 3 4 000000000000 000000000000
3 2 4 000000 00000000
3 3 6 000000000 000000000000000000
4 4 5 0000000000000000 00000000000000000000
3 3 5 000000000 000000000000000
2 2 2 0000 0000
3 3 3 000000000 000100000
3 2 5 001000 0000000000
3 3 4 000100100 000000001000
2 5 5 0000000000 0000000000000000000000000
1 3 4 000 000000100010
4 4 3 0000000000000000 000000000000
0 3 2 - 000000
1 3 3 000 000000000
3 4 4 000000001000 0000000000000000
4 3 3 000000000010 000000000
3 3 4 000000000 110001000000
3 3 3 000000000 000000000
1 3 2 000 001000
3 3 3 000100000 000100100
5 2 5 0000001110 0000000000
2 1 3 00 000
4 6 4 000000000000100000000000 000000001000000000000000
2 1 3 00 000
3 3 4 000000100 000000001000
2 4 3 00000010 000000000010
2 3 3 000000 000000000
3 6 7 000000000000011100 000000000000000000000000000001001000000000
1 1 3 0 000
1 3 3 000 000100000
2 5 2 0000000000 0000001110
3 2 1 000001 00
3 4 6 010001000000 000000000000100000000000
5 2 7 0000000000 00000000000100
0 2 1 - 00
3 3 3 000000100 000000100
5 2 4 0000000010 00000010
2 2 3 0100 000000
3 3 6 000000000 000000000000011100
3 2 4 000000 00000000
2 1 3 00 000
4 2 5 00001010 0000000000
1 3 2 000 000001
2 3 4 000110 010001000000
4 5 2 00000000000100001000 0000000000
1 2 2 00 0000
3 3 3 000100010 000000100
2 5 2 0000010010 0000000010
1 2 2 00 0100
3 3 3 000010001 000000000
2 3 2 000001 000000
3 1 4 000 0000
1 4 2 1000 00001010
2 1 3 00 000
2 2 3 1000 000110
1 4 5 1100 00000000000100001000
2 1 2 00 00
2 2 3 1000 000100
1 2 5 00 0000010010
3 1 2 010 00
0 3 3 - 000010001
2 2 3 0000 000001
3 3 1 000100000 000
0 3 3 - 000000010
3 2 1 001000 00
1 2 2 00 1000
2 1 4 00 1100
3 2 1 001000 00
1 2 2 00 1000
1 1 6 0 010000
1 3 1 100 010
2 2 2 1001 0000
2 3 3 100100 000100000
2 2 2 1001 0000
2 1 1 00 0
2 2 1 0000 00
1 4 1 0100 0000
2 2 1 0000 00
2 2 1 0000 00
3 2 2 000001 0000
4 4 1 0000000000000000 0000
4 1 1 1101 0
2 1 4 00 0100
3 3 3 000100000 000000000
5 4 1 00000000000000001000 0000
2 4 4 00000000 0000000000000000
4 3 1 000000110000 000
3 2 2 010011 0000
3 2 2 000000 0000
3 3 2 000000000 000001
3 4 4 000000000000 0000000000000000
5 3 4 010000000000000 000000000000
2 2 1 0001 00
3 2 1 100010 00
3 3 3 000000000 000100000
3 5 4 100000000000000 00000000000000001000
4 2 4 00100000 00000000
5 5 3 0000000000100000000000000 000000000100000
3 3 2 000010000 010011
4 3 2 000000100000 000000
1 3 3 000 000000000
3 3 4 000010000 000000000000
6 5 3 000000000000100000000000000001 010000000000000
3 1 4 000 0000
4 3 2 000000000101 100010
2 3 3 100100 000000000
3 3 5 000000000 100000000000000
4 4 2 0000000000000000 00100000
3 5 5 000000001000000 0000000000100000000000000
5 3 3 000000100010100 000000000
5 4 3 00000000100010001001 000000100000
1 1 3 1 000
2 3 3 100000 000010000
3 6 5 000000100000100000 000000000000100000000000000001
5 3 1 000000000001010 000
4 5 5 00000000000000000000 0000000000000001010010000
2 2 3 0000 100100
2 3 3 010000 000000000
2 4 4 00000100 0000000000000000
1 3 5 000 000000001000000
6 5 3 000000000000000000000100000000 000000100010100
4 3 4 000000000000 000000000000
1 1 1 0 1
2 2 3 0000 100000
1 3 6 000 000000100000100000
5 5 3 0000000000100000000000000 000000000001010
2 4 5 00000000 00000000000000000000
2 3 5 000000 000001000010000
1 2 3 00 010000
1 2 4 00 00000100
1 1 3 0 000
3 6 5 000000000000100000 000000000000000000000100000000
3 4 3 000010000000 000000000000
2 3 3 000000 000110010
0 2 2 - 0000
1 1 3 0 000
3 5 5 000001101010000 0000000000100000000000000
4 2 4 00000001 00000000
1 2 3 00 000000
3 5 3 000000000010000 000100010000000
2 1 2 10 00
1 1 1 0 0
2 3 6 000100 000000000000100000
4 3 4 000000100001 000010000000
1 2 3 00 000000
0 4 5 - 00000000001100000000
1 1 1 1 0
2 3 5 100000 000001101010000
1 4 2 0100 00000001
1 1 2 1 00
2 3 5 000000 000000000010000
3 1 4 010 0000
1 1 1 1 0
2 2 3 0010 000100
2 4 3 11001000 000000100001
2 1 2 10 00
2 2 3 0100 100000
1 1 4 0 0100
0 1 1 - 1
1 2 3 10 000000
1 3 1 100 010
0 1 3 - 000
1 2 2 10 0010
1 2 4 00 11001000
0 2 1 - 10
2 2 6 1000 000000010000
1 1 1 1 0
0 1 2 - 10
1 1 3 0 100
0 1 2 - 00
1 1 1 1 0
4 1 1 0001 0
3 2 1 000000 00
3 2 1 000000 00
0 1 1 - 1
1 4 1 1000 0000
4 4 1 0000000000000000 0001
2 1 1 00 0
1 2 1 00 00
2 3 2 000000 000000
4 3 2 000000000101 000000
3 4 1 000000000000 0000
4 2 1 10001000 00
2 1 4 00 1000
3 4 4 010010000000 0000000000000000
3 5 1 000000000000000 00000
3 4 4 000000100000 0000000000000000
4 2 1 00001000 00
3 1 2 000 00
2 2 3 0001 000000
3 4 3 000010000000 000000000101
4 3 4 100000100000 000000000000
3 4 4 001000000000 0000000000001000
4 1 1 0001 0
3 2 1 010100 00
3 3 4 000000000 010010000000
3 3 5 100000000 000000000000000
4 3 4 000100000000 000000100000
4 3 3 000100000000 000110000
4 3 1 110000001000 000
4 2 2 00001000 0001
2 3 4 000000 000010000000
2 4 3 00000100 100000100000
4 3 4 000010000001 001000000000
4 2 3 00010000 000000
4 3 2 000110000001 010100
2 3 3 010000 000000000
2 3 3 000000 100000000
2 4 3 00000000 000100000000
2 4 3 00000010 000100000000
4 4 4 0000100000101000 0000001000000000
4 4 2 0000000000000001 00001000
1 2 3 01 000000
1 2 4 00 00000100
3 4 3 000000000000 000010000001
4 4 2 0000000000010010 00010000
2 4 5 00000000 00000000000100000100
3 2 3 000000 010000
1 2 3 00 000000
2 2 4 0000 00000000
3 2 4 000010 00000010
3 4 4 000010000000 0000100000101000
3 2 3 000000 000000
3 1 2 000 01
1 1 2 0 00
2 3 4 000110 000000000000
3 4 4 000001001000 0000000000010010
1 2 4 00 00000000
3 3 3 000100110 000000100
1 1 2 0 00
1 2 2 00 0000
2 3 2 000000 000010
2 3 4 000100 000010000000
1 3 2 000 000000
4 2 3 00000000 000000
0 1 1 - 0
1 2 3 10 000110
3 3 4 000000100 000001001000
1 1 2 1 00
1 3 3 100 000100110
4 3 3 000000000000 000000000
1 1 2 0 00
0 2 3 - 000000
1 2 3 00 000100
2 1 3 01 000
2 4 2 00001000 00000000
1 2 3 00 000000
0 1 2 - 10
1 3 3 000 000000100
1 1 1 0 1
0 1 3 - 100
2 4 3 11000000 000000000000
4 1 1 0001 0
2 1 2 01 00
0 2 1 - 01
2 2 4 0000 00001000
3 1 2 001 00
1 1 2 0 00
3 1 3 010 000
0 1 1 - 0
2 2 4 0001 11000000
1 4 1 0100 0001
2 1 3 00 000
0 2 1 - 01
3 2 2 001000 0000
0 3 1 - 001
2 1 1 01 0
4 2 6 10000000 000000110000
1 2 2 00 0001
2 1 4 00 0100
3 2 1 100001 00
2 3 2 000101 001000
1 2 1 10 01
1 3 1 001 010
2 1 2 00 00
2 2 1 0010 00
1 2 3 10 000101
1 1 1 0 1
2 2 1 0000 01
4 1 1 0001 0
0 1 1 - 1
2 2 2 0000 0000
4 2 1 00000000 01
3 4 1 000010000000 0001
5 3 2 000100110000000 000001
4 2 1 00000000 00
4 2 2 00000011 0000
4 4 2 1000000010000001 00000000
6 5 2 000000000000000000001100000000 0000000001
4 3 4 000000000100 000010000000
6 5 3 000000000000000000001000010001 000100110000000
4 6 5 000000100000000000000000 000001000010000100001110000001
3 4 2 000000001000 00000000
5 4 2 00000000000010001110 00000011
5 4 4 00000000000000000000 1000000010000001
5 6 5 000000000000011000011000000001 000000000000000000001100000000
4 5 6 00000000001000001100 000000000000000000100000000001
4 4 3 0000000000000000 000000000100
4 5 4 00000000000000000000 00000000000000000000
3 6 5 000000000000001100 000000000000000000001000010001
4 4 6 0000000000000001 000000100000000000000000
4 6 5 000000000000100100100000 000000100001000000000100000001
3 3 4 000000000 000000001000
4 5 4 00000000000000001000 00000000000010001110
2 5 4 0000010000 00000000000000000000
4 5 6 10000000000000000000 000000000000011000011000000001
3 4 5 000000000000 00000000001000001100
2 3 5 000000 010000000000001
3 4 4 000000000000 0000000000000000
4 4 5 0000000000000000 00000000000000000000
3 3 6 000000000 000000000000001100
3 4 4 000010000000 0000000000000001
5 4 6 00000000100000000000 000000000000100100100000
4 3 4 000000100000 000000000001
6 4 5 000000001000100001000000 00000000000000001000
3 2 5 000000 0000010000
3 4 5 000000000000 10000000000000000000
5 3 4 000000000110010 000000000000
4 2 3 00010000 000000
5 7 6 00000000000000000000010100100000000 001000000000001000000000001000000000000101
5 4 4 00000000000010000010 0000000000000000
5 3 3 000000010000000 000000000
3 3 4 000000000 000010000000
4 5 4 00000000000000000010 00000000100000000000
5 4 3 00000000000000010000 000000100000
3 4 7 000000000000 0000000000000001000000000001
5 3 2 000000000000010 000000
5 3 4 000000000000000 000000000000
4 5 3 00000000000000010000 000000000110010
3 4 2 000000000010 00010000
2 5 7 0000000001 00000000000000000000010100100000000
3 3 6 000000000 000000000000100001
4 5 3 00000000001000000011 000000010000000
2 3 3 000000 000000000
3 4 5 000000000110 00000000000000000010
2 5 4 0000000000 00000000000000010000
2 3 4 000001 000000000000
4 4 6 1000000000000000 000000010000010000010001
2 5 3 0000000001 000000000000000
3 4 5 000001000000 00000000000000010000
5 3 4 000000000000010 000000000010
2 2 5 0000 0000000001
3 3 3 000110001 000000000
3 3 6 000000000 000000000000010000
2 2 3 0001 000000
3 3 4 000000000 000000000110
4 2 5 00000000 0000000000
2 2 3 0000 000001
3 4 4 000000000001 1000000000000000
2 3 4 000001 000001000000
4 5 3 00000000000100001000 000000000000010
2 2 2 0000 0000
0 3 3 - 000110001
2 3 3 000001 000000000
3 4 2 010000000001 00000000
2 2 2 0000 0000
2 4 5 00001100 00000000000100001000
2 2 2 0000 0000
2 3 4 000000 010000000001
1 1 1 0 1
2 2 1 0000 01
3 1 1 001 0
0 1 1 - 1
2 2 2 0000 0000
3 2 1 000000 01
4 3 1 000000000000 001
5 4 2 00000000100011000000 00001001
3 2 1 000000 00
2 2 2 0011 0000
4 3 2 000100100001 000000
8 6 3 000000000000000000000000000000000000101000000000 000100000000100001
2 4 3 00001000 000000000000
7 5 4 00000000000000000000000000100001001 00000000100011000000
6 7 6 000000000000000000000010000000000000000000 000000000000000000100000000000001100000001
3 3 1 000100011 000
3 3 2 000000000 000000
4 2 2 00000010 0011
5 4 3 00000000000000000000 000100100001
6 8 6 000000000000000000000000000010000000100000000001 000000000000000000000000000000000000101000000000
5 6 8 000000000000000000100000100100 000000000000000010000000000000001100000000000001
3 2 4 000000 00001000
3 4 3 000010000000 000000000000
5 7 5 00000001100000000000000000000001100 00000000000000000000000000100001001
6 6 7 000000000000000000000000000000000001 000000000000000000000010000000000000000000
6 8 6 000000000000000000000000000000000100000011000000 000000000000000000100000110100000000000000000001
4 3 3 000000010000 000000000
2 4 2 00000000 00000010
3 5 4 000000001001000 00000000000000000000
5 6 8 000000000000000000001000000000 000000000000000000000000000010000000100000000001
6 5 6 000000000000000000000000000000 000000000000000000100000100100
6 8 7 000000000000000000000000000000000000000010000010 00000000000000000000010000001010000000100000000000000001
2 3 2 010000 000000
5 3 4 000000000000000 000010000000
4 5 7 00000000000000000000 00000001100000000000000000000001100
5 6 6 000000000000100100100000000000 000000000000000000000000000000000001
7 6 8 000000000000000000110000010000000000000000 000000000000000000000000000000000100000011000000
6 4 6 000000000000000010000000 000000000000001000000001
3 2 4 010000 00000000
2 3 5 000100 000000001001000
4 5 6 00000010000100000000 000000000000000000001000000000
8 6 5 000000000000000000100000000000101000100011000001 000000000000000000000000000000
6 6 8 100000000000000000000010000000000000 000000000000000000000000000000000000000010000010
5 7 5 10000000000000000000000000100000000 00000000000100010000001000000000001
3 5 3 000000000010000 000000000000000
3 4 5 000000000000 00000000000000000000
4 5 6 00000000000000000000 000000000000100100100000000000
8 7 6 00000000000000000000000000000000000001000000000000000010 000000000000000000110000010000000000000000
6 6 4 000000000000000000000000100001100000 000000000000000010000000
5 5 6 0000000000111001010000000 000000000000000000000000000001
4 2 3 00000010 000100
2 4 5 00000000 00000010000100000000
7 8 6 00000000010000000000000000000000000000001000000000000000 000000000000000000100000000000101000100011000001
6 6 6 000000000000000000000000000000000010 100000000000000000000010000000000000
4 5 7 00000000000000000001 10000000000000000000000000100000000
4 6 6 000000001000000000000000 000000000000000000100000000000000001
4 3 4 000000000011 000000000000
3 4 5 000000000000 00000000000000000000
5 8 7 0000000000000000100010000000000000000010 00000000000000000000000000000000000001000000000000000010
4 6 6 000000000000000000100000 000000000000000000000000100001100000
3 5 5 000000000000001 0000000000111001010000000
5 5 8 1000000000010000000000000 0000000000000000001000000000000000000001
4 2 4 00000001 00000000
4 7 8 0000000100100000100000000000 00000000010000000000000000000000000000001000000000000000
6 6 6 000000000000000000011000000000000110 000000000000000000000000000000000010
1 4 5 0000 00000000000000000001
4 4 6 0000000010000001 000000001000000000000000
4 4 7 0000000000000000 1000000101000000000001000000
2 3 4 000001 000000000000
4 5 8 00000000001000000010 0000000000000000100010000000000000000010
7 4 6 0000000000001100100010100000 000000000000000000100000
1 3 5 000 000000000000001
2 5 5 0000000001 1000000000010000000000000
3 4 6 000000000000 000000100000001000000000
3 4 7 000000000001 0000000100100000100000000000
4 6 6 000000100000010000100000 000000000000000000011000000000000110
2 1 4 10 0000
0 4 4 - 0000000010000001
6 4 4 000000000010010000100001 0000000000000000
3 6 6 010000000000010000 000000000000010000100100101000000000
3 4 5 000010000000 00000000001000000010
3 7 4 001000000000000000001 0000000000001100100010100000
2 1 3 01 000
3 2 5 001000 0000000001
2 3 4 010101 000000000000
2 6 6 000000000000 000000000000001000000100000000000000
2 4 6 00001000 000000100000010000100000
2 2 1 0000 10
1 6 4 110000 000000000010010000100001
3 3 6 000000101 010000000000010000
2 4 5 00000000 00000100000100000000
2 3 7 000000 001000000000000000001
3 2 1 001000 01
0 3 2 - 001000
2 2 3 0000 010101
4 2 6 00100000 000000000000
1 5 6 00000 000000010000001100001000000000
3 2 2 001000 0000
2 1 6 00 110000
4 3 3 000100010100 000000101
2 2 4 1000 00000000
2 3 2 000100 001000
2 2 2 1001 0000
3 4 2 100000000001 00100000
3 1 2 001 00
2 2 1 0001 00
1 4 3 1000 000100010100
0 2 2 - 1001
2 1 1 00 1
2 2 1 0000 01
4 2 1 10000001 00
0 1 1 - 1
3 2 2 000000 0000
3 2 1 000000 01
2 1 1 10 0
6 4 2 000000000000000000000000 10000001
6 4 2 000000000000000010000000 00001001
5 3 1 000000000000100 000
4 3 2 000000000000 000000
4 3 2 000000000101 000000
4 3 2 000000100001 000000
9 7 3 000000000000001100000000000010100000000000101000010001000000000 000000000100000000001
5 2 1 0000000001 10
3 6 4 001000000000110000 000000000000000000000000
8 6 4 000000000000010000000000000000000000000100000101 000000000000000010000000
5 7 7 00000000000000100000000000000000000 0000000000000000000000100000000000000011000000001
4 2 1 00000010 00
2 4 3 00000000 000000000000
4 4 3 1100000010000010 000000000101
6 4 3 100000000000000000000100 000000100001
5 9 7 000000000000000000000000000000001000000000001 000000000000001100000000000010100000000000101000010001000000000
6 5 8 000000000000000000001000000100 0000000010000000000000000100000000000001
3 3 6 000000000 001000000000110000
3 3 4 000100000 000000000000
6 8 6 000000000000000010000000000000000000000000001100 000000000000010000000000000000000000000100000101
6 5 7 000000000010000000000000011001 00000000000000100000000000000000000
7 9 6 000000000000000000000100000000000000000000000100000000101000000 000000000000000000000000010000100100000000000000000001
4 2 4 00001000 00000000
3 4 4 000000000000 1100000010000010
3 6 4 000000010010010000 100000000000000000000100
4 5 9 00000000000010000000 000000000000000000000000000000001000000000001
8 6 5 000000000000000000010000000000000000000000000000 000000000000000000001000000100
6 8 7 000000000000000011000000000000000000000000000010 00000000000000000000000000001000000101000000000000000001
2 3 3 000001 000000000
4 3 3 000000000000 000100000
4 6 8 000000000000000000000000 000000000000000010000000000000000000000000001100
5 6 5 000000000000110010010000110000 000000000010000000000000011001
6 7 9 000000000000001000000010000000000000000000 000000000000000000000100000000000000000000000100000000101000000
6 4 7 000000000000100001000000 0000000000000010010000000001
3 3 4 001000000 000000000000
4 3 6 000000000100 000000010010010000
5 4 5 00000000000000000000 00000000000010000000
7 8 6 00000000000000000000000000000000110010000100001100000001 000000000000000000010000000000000000000000000000
5 6 8 000000000000000010000000000000 000000000000000011000000000000000000000000000010
5 5 5 0000000000100000001000000 0000000000011000000000001
3 4 3 000000001000 000000000000
4 4 6 1000110000000000 000000000000000000000000
6 5 6 000000000000000100000000000000 000000000000110010010000110000
5 6 7 000000000000010000000000000010 000000000000001000000010000000000000000000
5 6 4 000000000000100000100000000001 000000000000100001000000
4 6 4 000000000000000000000000 000000000000000000000001
3 4 3 100000000010 000000000100
3 5 4 000000110000000 00000000000000000000
5 7 8 00000001010000000000011000000010000 00000000000000000000000000000000110010000100001100000001
5 5 6 0000000000000000000000010 000000000000000010000000000000
5 5 5 0000010000000001100000001 0000000000100000001000000
3 6 7 000000000000000000 000000000000000000000000100010010000000001
4 4 4 0000000000000011 1000110000000000
4 6 5 000000000000000000000000 000000000000000100000000000000
4 5 6 00000010000000010010 000000000000010000000000000010
2 5 6 0000000000 000000000000100000100000000001
5 4 6 00000000000000000001 000000000000000000000000
4 5 8 00000000001000000000 0000000000000000001000000000000000000001
5 3 5 000100000000101 000000110000000
4 5 7 00000000000010000000 00000001010000000000011000000010000
3 5 5 000000100000000 0000000000000000000000010
1 5 5 10000 0000010000000001100000001
6 3 6 000000000000100001 000000000000000000
4 2 6 00000000 010000000000
1 4 6 1001 000000000000000000000000
3 4 5 000000000010 00000010000000010010
5 2 5 0000001100 0000000000
2 5 4 1000000000 00000000000000000001
5 4 5 00000000000000000001 00000000001000000000
5 3 8 000000000000000 000000000000100000000000
2 4 5 00000000 00000000000010000000
5 3 5 000000000100100 000000100000000
2 1 5 00 10000
2 6 3 110000000000 000000000000100001
8 4 2 00000000000000000010010000100101 00000000
3 6 7 100000000000100000 000000010000000000000000000010001000000000
4 3 4 000100000010 000000000010
2 5 2 0000000001 0000001100
2 2 5 0000 1000000000
6 5 4 000000010001000100001000000010 00000000000000000001
3 5 3 000000001000101 000000000000000
2 6 7 000000000000 010000000000000000000000010000000000000000
1 5 3 00100 000000000100100
3 2 1 000000 00
4 2 6 00010000 110000000000
1 8 4 01000000 00000000000000000010010000100101
5 3 6 000000000000101 100000000000100000
5 3 6 000000100000000 000000000100000000
3 2 5 000000 0000000001
6 2 2 000010000100 0000
0 6 5 - 000000010001000100001000000010
4 3 5 000000100000 000000001000101
7 2 6 00100000010000 000000000000
1 7 6 0000000 000000000000000000000000001000000100000000
6 3 2 000100000000010000 000000
2 4 2 00000000 00010000
3 1 8 000 01000000
7 5 3 00000100000000001000001000001000100 000000000000101
3 5 3 000001100000000 000000100000000
3 6 2 000000010100100000 000010000100
4 4 3 0000100001000001 000000100000
4 7 2 0001000101000000000000000001 00100000010000
4 2 4 00000001 00000000
4 3 1 000100000001 000
1 7 5 1000000 00000100000000001000001000001000100
1 4 4 0000 0000100001000001
1 1 1 0 1
2 2 1 0000 01
3 1 1 001 0
3 1 2 000 01
2 2 2 0000 0000
3 2 1 000000 01
3 3 1 000000000 001
3 3 1 000000010 000
5 2 1 0000000000 01
3 1 1 000 0
3 2 2 000000 0000
5 3 2 000000000001101 000000
6 5 2 000000000000000000000100000000 0000000001
2 1 1 00 0
4 3 3 000000100100 000000000
5 3 3 000000000000000 000000010
8 5 2 0000000000000000000000000000001000010001 0000000000
4 5 4 00000000000000000000 00000000000011000001
2 1 2 01 00
5 3 1 100000000000000 000
4 3 2 000000000100 000000
5 5 3 0000000000000001000000000 000000000001101
6 6 5 000000100000000000001000000100000101 000000000000000000000100000000
6 3 5 000000000000000100 000000011000001
3 2 1 000001 00
3 4 3 000000000100 000000100100
6 5 3 000000000000000100000000000000 000000000000000
7 8 5 00000000100000000000000000000000100100000000000000000000 0000000000000000000000000000001000010001
5 4 5 00000000000000000001 00000000000000000000
4 6 4 000000100000000000000000 000000000000000000000001
3 5 3 000000000000001 100000000000000
6 4 3 000000000000000000000010 000000000100
5 5 5 1000000000001000000010000 0000000000000001000000000
4 6 6 000000000000001000000000 000000100000000000001000000100000101
6 6 3 000000010000000000000000000000000010 000000000000000100
5 7 6 01000000010000000000001000000000010 000000000000000000010000001000000000100001
5 3 4 000000000100000 000000000100
6 6 5 000000000000000000000000000010000000 000000000000000100000000000000
4 7 8 0000000000000000000000000000 00000000100000000000000000000000100100000000000000000000
6 5 4 000000000000000010000000000000 00000000000000000001
5 4 6 00000000000000000000 000000100000000000000000
6 6 7 000000100000000000000000000000000010 000000000100000000000001000000000000000001
7 6 4 000000000000000000000000011100000000000000 000000000000000000000010
6 5 5 000000000000000000000000000010 1000000000001000000010000
6 4 6 000000000000000010000000 000000000000001000000000
6 6 6 000000000000000000001000100110000010 000000010000000000000000000000000010
4 5 7 00000000000000000100 01000000010000000000001000000000010
5 5 4 0000000000000001001000000 00000010000000000001
5 6 6 000000000000000000000000100000 000000000000000000000000000010000000
6 4 7 000001000000000000000011 0000000000000000000000000000
4 6 5 000000000000000000000000 000000000000000010000000000000
5 5 4 1000000000000000000000001 00000000000000000000
4 6 6 000000000000000000000010 000000100000000000000000000000000010
4 4 6 0000000000000000 000000000000100000000001
5 6 5 000000000000000000000000000010 000000000000000000000000000010
3 6 4 000000000000000000 000000000000000010000000
7 6 6 010000010000000000000000100000100000000000 000000000000000000001000100110000010
3 4 5 000010000000 00000000000000000100
2 5 5 0000000001 0000000000000001001000000
4 4 5 0000000001000000 00000000000110010001
6 6 4 000000000000000000000000000000000110 000001000000000000000011
5 4 6 00000000000010000000 000000000000000000000000
4 5 5 00000000000000000000 1000000000000000000000001
3 4 6 000000000000 000000000000000000000010
4 4 4 0000110001000001 0000000000000000
4 5 7 00000000000010000000 00000000000000000000000000000000001
7 3 6 000000000000000000011 000000000000000000
2 7 6 00100000000000 010000010000000000000000100000100000000000
5 3 4 000000000000000 000010000000
3 2 5 000000 0000000001
4 4 4 0000000010000001 0000000001000000
5 7 6 00000001000000000000010000000000000 000000000000000000000000000000000000000000
5 5 4 0000000000100001010010101 00000000000010000000
4 4 5 1000000001100100 00000000000000000000
4 3 4 000000111010 000000000000
1 4 4 0000 0000110001000001
4 4 5 0000000001000001 00000000000010000000
5 5 7 0000000000000000100000000 00000000000000010000010000000000000
4 2 7 00000001 00100000000000
1 5 3 01010 000000000000000
2 3 2 000000 000000
2 4 4 00000000 0000000010000001
3 5 7 001000000000001 00000001000000000000010000000000000
3 7 7 000000000000000000000 0000000000000000000000011000100000001100000000000
1 4 4 0000 1000000001100100
2 4 3 00000000 000000111010
3 1 4 000 0000
0 4 4 - 0000000001000001
3 5 5 000000000001001 0000000000000000100000000
5 5 8 0000000000000000000000000 0000000000100000000000001000000000000000
2 1 5 00 01010
3 2 3 100000 000000
1 2 4 00 00000000
2 3 5 000010 001000000000001
5 3 7 000000000100100 000000000000000000000
1 5 4 00000 00000000010000000000
2 2 4 1001 00000000
1 3 1 100 000
3 3 5 000100010 000000000001001
3 5 5 000000001000000 0000000000000000000000000
3 3 4 000000000 010000000000
1 3 2 000 100000
2 1 2 00 00
2 2 3 1000 000010
1 5 3 00100 000000000100100
3 1 5 000 00000
1 1 3 0 100
1 3 3 000 000100010
3 3 5 000000000 000000001000000
2 2 1 0010 00
0 2 2 - 1000
3 1 5 000 00100
0 2 1 - 10
2 1 3 01 000
1 1 1 0 1
2 2 1 0000 01
4 1 1 0001 0
3 1 2 000 01
2 2 2 0000 0000
3 2 1 000000 01
3 4 1 000000000000 0001
3 3 1 000000010 000
5 2 1 0000000000 01
4 2 1 00000000 00
3 2 2 000000 0000
3 3 2 000101001 000000
5 5 2 0000000000000000100000000 0000000001
2 2 1 0000 00
4 3 4 000000100100 000000000000
3 3 3 000000000 000000010
5 5 2 0000000000000001000010001 0000000000
3 4 4 000000000000 0000000011000001
3 3 2 000000101 000000
5 4 2 11100000111001000000 00000000
3 3 2 000000010 000000
2 3 3 000000 000101001
3 5 5 010000010000101 0000000000000000100000000
3 3 3 100100000 000110001
2 2 2 0001 0000
3 4 3 000000000100 000000100100
4 3 3 000000000000 000000000
4 5 5 00000000000000000000 0000000000000001000010001
2 3 4 000001 000000000000
4 4 3 0000000000000000 000000000001
4 5 4 00000000000000001001 11100000111001000000
5 3 3 000000000000010 000000010
4 2 3 00100000 000000
2 3 5 000000 010000010000101
5 3 3 000000000000001 100100000
3 5 4 010000000001010 00000000010000000001
4 3 4 000000000000 000000000100
5 4 3 00000000000000100000 000000000000
4 4 5 0000100000000000 00000000000000000000
4 2 3 00000000 000001
2 4 4 00001000 0000000000000000
6 5 6 000000010000000010000000001110 000000000000000000000000100001
5 5 3 0000010000000000000000000 000000000000010
6 4 2 000000000000000000000010 00100000
3 2 3 001000 000000
4 5 3 01000000000000001100 000000000000001
4 3 5 000000000010 010000000001010
3 5 5 000000000000000 0000000000100000000000001
7 5 4 00000000000000000000000000000010000 00000000000000100000
4 4 4 1000100010000001 0000100000000000
2 4 2 00000000 00000000
1 2 4 10 00001000
4 6 5 000000100000000000000010 000000010000000010000000001110
5 3 5 000000000000000 000001000000001
4 6 4 000000000000000000000010 000000000000000000000010
2 3 2 000000 001000
3 4 5 010000100000 01000000000000001100
1 4 3 0000 000000000010
2 3 5 000001 000000000000000
5 4 6 00000000000000000000 000000000000111000000001
3 4 4 000000000110 1000100010000001
4 2 4 00100000 00000000
2 1 2 00 10
1 4 6 0000 000000100000000000000010
4 5 3 00000001001000010001 000000000000000
2 3 6 000000 000000000000000001
4 2 3 00000011 000000
2 3 4 000000 010000100000
1 1 4 0 0000
0 2 3 - 000001
3 5 4 000000010000001 00000000000000000000
4 4 4 0000000010000000 0000000000000000
3 4 2 000010100011 00100000
0 2 1 - 00
0 1 4 - 0000
3 4 5 000000000000 00000001001000010001
3 2 3 001001 000000
2 3 4 000000 000010000000
2 2 3 1011 000000
0 1 1 - 0
1 3 5 000 000000010000001
3 4 4 010000000001 0000000010000000
1 4 4 0000 0000000010000000
1 3 4 010 000000000000
0 3 2 - 001001
0 2 3 - 000000
2 4 5 10000000 00000000001000000000
0 1 3 - 000
1 3 4 010 010000000001
2 1 4 00 0000
0 2 4 - 00000000
0 1 3 - 010
1 2 4 00 10000000
2 3 3 100100 000100000
0 1 3 - 010
1 2 1 00 00
1 1 2 0 00
2 1 2 01 00
1 1 1 0 1
2 2 1 0000 01
4 1 1 0001 0
5 1 2 00000 01
5 2 2 0000000000 0000
3 3 1 000000000 001
4 1 1 0000 1
6 4 1 000000001000000000001000 0001
3 5 1 000000000000100 00000
6 2 1 000000000000 01
4 2 1 00000000 00
5 2 1 0000000000 00
5 5 2 0000010100000000000000000 0000000000
4 3 3 000000000101 000000000
6 7 3 000000000000000000000000000000100000000000 000000000000000100001
2 4 1 01000000 0000
6 6 4 000000000000010100010100010000010000 000000001000000000001000
5 3 5 000000000000000 000000000000100
8 6 2 000000000000000000000000000000000000010000010001 000000000000
7 7 4 0000000000000000000000000000000000000000000000000 0000000000000000000011000001
3 2 2 110011 0000
7 5 2 10010000100001000010000000001000000 0000000000
3 5 5 000000000000000 0000010100000000000000000
6 4 3 000000000000000000000000 000000000101
9 6 7 000000000000000000000000100000000000001000000100000101 000000000000000000000000000000100000000000
5 5 5 0000000000000000000000000 0000000000000000011000001
3 2 2 000001 0000
3 6 6 000000000000010000 000000000000010100010100010000010000
7 5 3 10000000000000010000010000000001000 000000000000000
8 8 6 0000000001000000000100000000000000010000010100000000000000000000 000000000000000000000000000000000000010000010001
4 7 7 0000000000000000000000000001 0000000000000000000000000000000000000000000000000
2 4 5 00000000 00000000000000000001
3 7 5 000000000000000000001 10010000100001000010000000001000000
4 3 5 000000100000 000000000000000
7 6 4 000000000000000000011000000000000000010000 000000000000000000000000
4 9 6 000000000000000000101100000000000000 000000000000000000000000100000000000001000000100000101
5 5 5 0000000000000000000000010 0000000000000000000000000
5 4 6 00000000000000000010 000000001000000000000001
4 3 6 000000000000 000000000000010000
5 7 5 00000000000000100100010010000000000 10000000000000010000010000000001000
3 8 8 000000000000000000000000 0000000001000000000100000000000000010000010100000000000000000000
6 4 7 000000000000000000001000 0000000000000000000000000001
6 2 4 000000000000 00000000
6 6 7 000000000000000000000000000000000010 000000000000000000000000000000000000000001
6 4 3 000000000000000000000000 000000100000
6 7 6 000000000000000000000000000000000000000010 000000000000000000011000000000000000010000
4 4 9 0000000000000000 000000000000000000101100000000000000
5 5 5 0000000000000001000011000 0000000000000000000000010
6 5 4 000000000000000000000110001000 00000000000000000010
4 4 5 0000000000000000 00000000000000000001
7 5 7 00000000001100000000000000000000000 00000000000000100100010010000000000
5 3 8 000000000000110 000000000000000000000000
3 6 4 000000000000100000 000000000000000000001000
4 6 2 100000000000000000000000 000000000000
4 6 6 000000000000000000000010 000000000000000000000000000000000010
8 3 5 000000000000000000100000 000000000010001
4 6 7 000000101000101000000100 000000000000000000000000000000000000000010
2 4 4 00000000 0000000000000000
8 5 5 0000000000000000100010000100001000001100 0000000000000001000011000
3 6 5 000000000000000000 000000000000000000000110001000
2 4 4 00000001 0000000000000000
6 6 5 000000000000011000000000000000000000 000000000000000000000000000001
2 5 3 0000000110 000000000000110
4 3 6 000000000000 000000000000100000
5 4 6 00000000000000000000 100000000000000000000000
2 4 6 00000000 000000000000000000000010
4 8 3 00000000100000001000000000000001 000000000000000000100000
6 7 8 000000000000000000000000000000000000000000 00000000000000000000000000000000000000000000010000000001
3 2 4 000001 00000000
2 8 5 0100000000000000 0000000000000000100010000100001000001100
4 3 6 000000000000 000000000000000000
4 2 4 00000000 00000001
6 6 6 000000100000000000000000000000000001 000000000000011000000000000000000000
5 7 7 00000000000000100000000000000000000 0000000000000000000001000000000000000000000000000
5 4 3 00000000100000000011 000000000000
4 5 4 01000000000000000000 00000000000000000000
4 2 4 00000000 00000000
4 4 8 0000000000000000 00000000100000001000000000000001
5 6 7 000000001000100000000000000001 000000000000000000000000000000000000000000
5 5 3 0000000000000000000000000 000000000000000
3 2 8 000000 0100000000000000
4 4 3 1100000000000000 000000000000
6 4 2 000000000000000000000100 00000000
2 6 6 000000000000 000000100000000000000000000000000001
4 5 7 00000000000000000001 00000000000000100000000000000000000
5 6 3 000000000000000000010000101000 000000000000000000
3 4 5 000000000000 01000000000000000000
7 4 2 0000000000100100100010000001 00000000
4 4 4 0000000000000000 0000000000000000
3 5 6 000000000000000 000000001000100000000000000001
6 5 5 000000000000000000000000000010 0000000000000000000000000
4 4 7 0000000000000000 0000000000000000000000000000
6 4 4 000000000010000000000101 1100000000000000
3 6 4 100000000000001000 000000000000000000000100
4 2 6 00000000 000000000000
7 4 5 0000000010000000000000100100 00000000000000000001
4 5 6 00000000000000010000 000000000000000000010000101000
4 4 6 0000000000000000 000000000000000000000000
2 7 4 10000000000000 0000000000100100100010000001
4 4 4 0000000000100000 0000000000000000
7 3 5 000100000000000001010 000000000000000
2 6 5 010000000000 000000000000000000000000000010
5 4 4 00001100100010000000 0000000000000000
8 6 4 000000100000000000000000000000000000000000000100 000000000000000000000000
4 3 6 000000000000 100000000000001000
7 4 2 0000100000000100000000010010 00000000
3 7 4 010000000000000000000 0000000010000000000000100100
3 4 5 000000000000 00000000000000010000
7 4 4 0000100000000000000100100100 0000000000000000
5 4 4 00000000100001000001 0000000000100000
4 7 3 0000000100000000010001010100 000100000000000001010
5 2 6 0000000000 010000000000
6 5 4 000000000010000000000011000001 00001100100010000000
2 7 4 00000001000000 0000100000000100000000010010
4 3 7 000000001000 010000000000000000000
8 3 4 000000100000000000010001 000000000000
1 4 7 0000 0000000100000000010001010100
7 5 2 00000000001100001100010001001000001 0000000000
1 1 1 0 1
2 2 1 0000 01
3 1 1 001 0
2 1 2 00 01
3 2 2 000000 0000
2 2 1 0000 01
5 1 1 00000 1
4 3 1 000000000000 001
3 2 1 000000 00
5 1 1 00000 1
6 2 2 000000000000 0000
3 2 1 000000 00
2 1 1 00 0
6 3 2 000100100100100101 000000
5 2 2 0000010001 0000
4 6 2 000000000000010000000000 000000000001
5 5 1 0010000000000000000010010 00000
4 4 3 0100010000000000 000000000000
7 3 2 000000000000000000111 000000
4 5 1 00000000000000000000 00000
6 8 5 000000000000000000000000000000000000000000000000 0000000000000000000000000000001100000001
6 3 2 000010100110000001 000000
4 2 1 10001000 00
4 6 3 000000000000100000000110 000100100100100101
3 5 2 000000000000000 0000010001
5 4 6 00000000000001000100 000000000000010000000000
7 7 7 0000000000000000000000000000000000011010001000000 0000000000000000000000000000100000000000000000001
2 2 2 0001 0000
2 4 4 00000000 0100010000000000
3 7 3 000000001100001000010 000000000000000000111
4 4 5 0000010001000000 00000000000000000000
4 6 8 000000100000000000100000 000000000000000000000000000000000000000000000000
3 7 5 000000000000000010100 10000000000000000000000001010010001
2 4 2 00000000 10001000
2 4 6 00000000 000000000000100000000110
5 3 5 000000000000000 000000000000000
4 5 4 00000000000000000000 00000000000001000100
4 7 7 0000000100000000000000000000 0000000000000000000000000000000000011010001000000
6 4 7 000000000000000000001000 0000000101000000000000000001
2 2 4 1100 00000000
3 3 7 000000000 000000001100001000010
6 4 4 000000000000100000000000 0000010001000000
4 4 6 0000000000001000 000000100000000000100000
6 3 7 000000000000110000 000000000000000010100
6 5 6 000000000000100000000000000000 110000000000000000110000000001
3 2 4 000000 00000000
5 5 3 0000000000101000000010000 000000000000000
3 4 5 000010000000 00000000000000000000
2 4 7 00000000 0000000100000000000000000000
8 6 4 000000000000000000000000000000000000001010001000 000000000000000000001000
7 6 3 000000000000001000100000000000100000000000 000000000000000001
5 3 3 000000100000000 000000000
5 6 4 001000100000000000110000000010 000000000000100000000000
1 4 4 0000 0000000000001000
5 6 3 000000000000000000000000000000 000000000000110000
6 6 5 000000000000000000000000010001010000 000000000000100000000000000000
5 2 5 0000000000 0000000001
3 5 5 000000000000000 0000000000101000000010000
3 3 4 000000100 000010000000
7 2 4 00000000000010 00000000
1 8 6 00000000 000000000000000000000000000000000000001010001000
3 7 6 000000010000000000001 000000000000001000100000000000100000000000
4 2 2 00000000 0001
1 5 6 00000 001000100000000000110000000010
4 1 4 0000 0000
5 5 6 0000000000000000000000000 000000000000000000000000000000
3 6 6 000000000000000000 000000000000000000000000010001010000
4 5 2 00000000000000000001 0000000000
5 5 7 0000000000000000000000000 00000000000000000000000000000000001
4 3 3 000000100000 000000100
5 7 2 00000000100000000000000001000000000 00000000000010
6 1 8 000000 00000000
5 3 7 000000000000000 000000010000000000001
4 4 2 0000000000000001 00000000
3 6 5 000000000000000000 000001000000000000000000010000
5 4 1 00000010001011000100 0000
5 5 5 0000010000000000000000101 0000000000000000000000000
6 3 6 000000000110000000 000000000000000000
2 4 5 00000000 00000000000000000001
3 5 5 000000001000001 0000000000000000000000000
7 6 3 000000100000000000000100100000000000100000 000000000000000000
3 5 7 001000000000000 00000000100000000000000001000000000
7 6 1 000000000000100000000000010000000000000000 000000
6 5 3 000000000000000000000100000000 000000000000000
2 4 4 00000000 0000000000000001
7 3 6 000000000100000000001 000000000000000000
6 6 4 000000010000000000100000000000010000 000000000000000000000000
5 5 5 0000000100000101000000000 0000010000000000000000101
9 6 3 100000000000010000000000001000000000000000010010010010 000000000110000000
6 2 4 000000000000 00000000
4 3 5 000000100000 000000001000001
6 7 6 000000000000000000000000001010000100100001 000000100000000000000100100000000000100000
5 5 7 0100000000000000000001000 00000000000000000000000000000000000
6 7 6 000000010000000001000000000000000000000001 000000000000100000000000010000000000000000
5 6 5 010000000000011000010000000001 000000000000000000000100000000
5 2 4 0000100100 00000000
6 7 3 000000010000000000000000000000000100100100 000000000100000000001
4 6 6 000000000000000010011001 000000010000000000100000000000010000
5 6 7 000000001000000100010000000000 000000000000000000000000000010000001000000
3 9 6 000100000000000000000000100 100000000000010000000000001000000000000000010010010010
6 6 2 000000010000100000001000000000010000 000000000000
5 4 3 00001000000000010000 000000100000
2 6 7 000000000000 000000000000000000000000001010000100100001
6 5 5 000000010001000010000000000000 0100000000000000000001000
7 6 6 000000100000010000000000000000000000000000 000000000000000000100000000000000000
5 5 6 0000000000010000000000000 010000000000011000010000000001
6 5 2 000001000001000000000000100000 0000100100
2 6 7 000000000000 000000010000000000000000000000000100100100
5 4 6 00000100100000000000 000000000000000010011001
7 5 6 00000100000000000000000010000000000 000000001000000100010000000000
5 6 6 000000100000000000000010000000 000000010000100000001000000000010000
3 5 4 001000000000000 00001000000000010000
5 2 6 0000010000 000000000000
6 6 5 000000100000000000000010000001000010 000000010001000010000000000000
2 6 5 000000000100 000001000001000000000000100000
5 2 6 0010000100 000000000000
6 5 4 000001000000000000000001000001 00000100100000000000
3 3 5 000010000 001000000000000
4 5 2 10000010000000000001 0000010000
2 1 1 00 1
2 2 1 0000 01
4 2 1 10000001 00
2 1 2 00 01
4 2 2 00000000 0000
2 2 1 0000 01
5 2 1 0000100000 01
6 4 2 000000000000000000000000 10000001
3 2 1 000000 00
6 1 1 000000 1
5 3 1 000000000000000 000
3 2 1 000000 00
3 1 2 000 00
6 4 2 000010000000100010001001 00000000
4 2 2 00001111 0000
6 7 2 000000001000000000000000000000010000000000 00000000000001
5 5 2 0100000000000000000000010 0000100000
4 6 4 111000110000100000100000 000000000000000000000000
5 3 2 000000000000111 000000
6 6 1 000000000000100000000000000000000000 000000
5 8 5 0000000000000000000000000000000000000000 0000000000000000000000000000000110000001
4 3 2 100100000101 000000
3 3 1 100000100 000
4 6 4 101000000000100000100110 000010000000100010001001
3 4 2 000000000000 00001111
4 6 7 000000000000100100100100 000000001000000000000000000000010000000000
7 6 7 000000000000000000000000000000011000100000 000000000000000000000100000000000000000001
2 2 1 0001 00
2 4 6 00000000 111000110000100000100000
1 5 3 00010 000000000000111
4 6 6 000000010000010000000000 000000000000100000000000000000000000
3 5 8 000001000010000 0000000000000000000000000000000000000000
4 7 5 0000000000000000000000010100 00000100000000000000000001010010001
2 3 3 000000 100000100
1 4 6 0000 101000000000100000100110
4 3 4 000000000000 000000000000
2 4 6 00000000 000000000000100100100100
4 7 6 0000000100000000000000000000 000000000000000000000000000000011000100000
5 4 6 01000000000000001000 000000000000000000000001
2 2 4 0011 00000000
2 1 5 00 00010
4 4 6 0000000000000000 000000010000010000000000
3 3 5 000000100 000001000010000
5 4 7 00000000000000001100 0000000000000000000000010100
5 5 5 0000000000101001010000000 0000011000000001100000001
4 1 4 0000 0000
3 4 3 010000001000 000000000000
4 2 4 00000000 00000000
2 4 7 00000000 0000000100000000000000000000
6 5 4 000000000000000000000101001000 01000000000000001000
6 4 3 000000000000100010000000 000000000001
3 2 1 000000 00
5 4 4 00000100000011000010 0000000000000000
3 3 3 110000000 000000100
2 5 4 0000000000 00000000000000001100
6 5 5 000000000000000000000100101000 0000000000101001010000000
5 2 3 0000100000 000001
2 3 4 000000 010000001000
3 4 2 001000001000 00000000
6 2 4 000001000000 00000000
3 6 5 000000000000000000 000000000000000000000101001000
3 6 4 001000000000000001 000000000000100010000000
5 4 3 00001010000000000000 000100000001
0 5 4 - 00000100000011000010
5 3 3 000000000000010 110000000
6 2 5 000000000000 0000000000
2 6 5 000000000000 000000000000000000000100101000
6 5 2 000000000000000000100000000001 0000100000
4 6 6 000000000000000000000000 000000100000000000000000000000100001
2 3 4 000000 001000001000
6 6 2 000000110000110000100000000000000000 000001000000
6 3 6 000010010000000000 000000000000000000
5 3 6 000000000000000 001000000000000001
6 5 4 000001000000000100000000000001 00001010000000000000
3 5 5 000000000000000 0000010000000000000000000
6 5 3 000000001000100001001100001000 000000000000010
5 6 2 000000100100100000000000010001 000000000000
5 2 6 0001000000 000000000000
5 6 5 000000000000110000100000000000 000000000000000000100000000001
5 4 6 00000000100000100001 000000000000000000000000
5 4 5 00001000100000001000 00000000000000000000
2 6 6 100000000010 000000110000110000100000000000000000
7 6 3 000000000000000000100000000000000000000000 000010010000000000
7 5 3 00000000100000000000000000100000000 000000000000000
3 6 5 100000001000000000 000001000000000100000000000001
6 3 5 000000000000000001 000000000000000
6 4 4 000010000000010000001000 0000000000000000
4 5 6 00000100000001000000 000000100100100000000000010001
9 5 2 100000000000000001000000000000000000011000110 0001000000
5 5 6 0000100000010000100000000 000000000000110000100000000000
4 5 4 00000110001000000000 00000000100000100001
7 5 4 00000000000000000000000101001011001 00001000100000001000
3 5 6 001000000000100 000000001000000000000000000000
7 7 6 0000000100000000100000000100000000000000000000001 000000000000000000100000000000000000000000
5 7 5 00000000010000001100000100000000001 00000000100000000000000000100000000
3 3 6 000000000 100000001000000000
6 6 3 000000100000001000000000000010011100 000000000000000001
4 6 4 000000000000000010011001 000010000000010000001000
3 5 9 000000010000000 000000000001000000000000000100000000100000000
3 9 5 001000000000010000000000100 100000000000000001000000000000000000011000110
5 5 5 0000000000010000000001000 0000100000010000100000000
5 4 5 00001000000000010000 00000110001000000000
2 7 5 00000000010000 00000000000000000000000101001011001
4 3 5 000000000000 001000000000100
7 5 7 01000100001010000000100000000000000 00000000000000000000000000000000000
4 5 7 00000100000000000000 00000000010000001100000100000000001
7 3 3 000100000010000001000 000000000
1 6 6 000000 000000100000001000000000000010011100
4 4 6 0000010000000000 000000000000000010011001
8 3 5 000100000000000001000000 000000010000000
6 5 5 000001000001000000000001000000 0000000000010000000001000
3 5 4 000000010000000 00001000000000010000
3 2 7 000000 00000000010000
7 4 3 1000000001000000001000010010 000000000000
2 7 3 10100000000100 000100000010000001000
3 1 6 010 000000
6 4 4 000010000000000000100001 0000010000000000
2 3 5 000000 000000010000000
5 3 2 000100010000001 000000
2 1 1 00 1
1 2 1 00 01
3 2 1 000001 00
3 1 2 000 01
4 1 2 0000 00
3 2 1 000000 01
5 3 2 000000000000000 000001
4 3 1 000000000000 000
5 1 1 00000 1
4 1 1 0000 0
2 1 2 00 00
5 4 1 00001000100010001001 0000
4 3 2 000000000000 000000
2 6 2 000000000000 000000000001
3 5 3 000001000010000 000000000000000
4 4 3 0000000000001111 000000000000
3 5 1 000000000000000 00000
4 5 5 00000000000000000000 0000000000000000000000001
4 2 1 10100011 00
1 2 1 10 00
2 5 4 1000010110 00001000100010001001
3 4 3 000011001100 000000000000
2 2 6 0000 000000000000
5 7 5 00000001000000100000010110001100000 00000000000000000000100000000000001
0 1 1 - 0
1 3 5 000 000001000010000
1 4 4 0010 0000000000001111
2 3 5 000000 000000000000000
3 4 5 100000001000 00000000000000000000
2 5 5 0000000000 0000000000000000010000001
1 1 2 0 10
0 2 5 - 1000010110
4 3 4 000000000000 000011001100
1 2 2 00 0000
2 5 7 1000000000 00000001000000100000010110001100000
5 3 5 000000000000100 000000000000001
0 1 3 - 000
2 1 4 00 0010
3 2 3 000000 000000
1 3 4 010 100000001000
4 2 5 00000011 0000000000
3 4 5 000001000000 00000000000110000001
3 4 3 001000001000 000000000000
2 1 2 00 00
1 2 5 00 1000000000
4 5 3 00000000000101001000 000000000000100
3 3 1 000000000 001
3 2 1 000000 00
3 3 2 000100010 000000
1 1 3 0 010
1 4 2 0000 00000011
2 3 4 101100 000001000000
1 2 3 00 000001
2 3 4 000000 001000001000
1 2 1 10 00
3 1 2 000 00
1 4 5 0000 00000000000101001000
1 3 3 001 000000000
3 1 2 000 11
0 3 3 - 000100010
3 1 1 000 0
5 1 4 00000 0000
0 2 3 - 101100
3 1 2 001 00
3 4 6 000000000000 000000000000000000000001
2 1 2 00 10
4 3 1 000100000000 000
4 1 4 0000 0000
3 1 3 000 001
2 3 1 000001 000
1 3 5 000 000000000000000
4 3 1 001001110010 000
3 5 1 100000000000001 00000
1 3 1 100 001
2 3 4 010001 000000000000
5 2 3 0010100010 000000
1 4 3 0010 000100000000
4 4 1 1000000000000000 0000
5 3 1 000000000010000 000
0 2 3 - 000001
3 1 3 001 000
5 4 3 10000000010000001000 000000000000
2 3 5 010000 100000000000001
3 1 3 000 100
1 2 3 00 010001
4 5 2 00000000101001001001 0010100010
3 4 4 010000000100 0000000000000000
4 4 4 0100000000000001 1000000000000000
4 5 3 10000110001000000001 000000000010000
2 3 1 000010 001
2 5 4 0001011001 10000000010000001000
2 4 5 01000000 00000000001000010000
2 6 3 010000000100 100000000000110110
3 3 1 100000100 000
3 1 2 010 00
1 4 5 0000 00000000101001001001
2 3 4 000000 010000000100
4 3 3 000100000000 000000000
2 4 5 00000000 10000110001000000001
1 2 3 00 000010
2 2 5 0000 0001011001
5 2 4 0000010000 01000000
3 3 3 000010000 100000100
2 3 1 100000 010
2 1 4 00 0000
4 2 3 00100110 000000
1 4 2 0100 10000100
2 1 2 10 00
4 2 2 00001001 0000
1 2 3 00 100000
3 2 1 100001 00
1 1 1 0 1
2 2 1 0000 01
3 1 1 001 0
0 1 1 - 1
2 2 2 0000 0000
3 2 1 000000 01
4 3 1 000000000000 001
6 4 2 000000001000110000000000 00001001
3 2 1 000000 00
4 2 2 00000011 0000
4 3 2 100000100001 000000
8 7 3 00000000000000100000010000000000000100000000100000000000 000100000100000000001
4 4 3 0000100000001000 000000000000
6 6 4 000000000000000000000000010000010001 000000001000110000000000
6 7 5 000000000000001110000010000000000000000000 00000000000000000000000000110000001
4 3 2 000000110000 000000
7 4 2 0000000000001000000000000110 00000011
3 4 3 000000000000 100000100001
6 8 7 000000000000000011000000000010000000100000000001 00000000000000100000010000000000000100000000100000000000
8 6 7 000000000000000000000000000000011100000000111000 000000000000000000000000000010000000000001
4 4 4 0000000000001000 0000100000001000
3 6 3 100000000000101010 000000000000000111
4 6 6 000000000000000000001100 000000000000000000000000010000010001
6 6 7 000000010000000000000000000000000001 000000000000001110000010000000000000000000
5 9 5 111000000000000000110000000100000000110000100 000000000000000100001010000000000000011000001
4 4 3 0000010000000000 000000110000
3 7 4 000000010100001100000 0000000000001000000000000110
2 3 4 100000 000000000000
3 6 8 000000000000000000 000000000000000011000000000010000000100000000001
4 8 6 00000000000000000000000000000000 000000000000000000000000000000011100000000111000
5 7 7 00000000000000110000000000000000010 0000000000000010000001010000000100000000000000001
2 4 4 00000000 0000000000001000
4 3 6 000000000000 100000000000101010
2 4 6 00000000 000000000000000000001100
4 6 6 000000000000100000000000 000000010000000000000000000000000001
5 5 9 0000000000000000000000000 111000000000000000110000000100000000110000100
5 4 6 00000000000010000000 000000000000001000000001
4 3 7 100100000000 000000010100001100000
3 2 3 000000 100000
3 3 6 000000000 000000000000000000
5 4 8 00000000000001100010 00000000000000000000000000000000
6 5 7 000000000000000000100000000000 00000000000000110000000000000000010
5 6 5 010000000000000000010010000000 000000000000000001000000000001
4 4 3 0000110001000000 000000000000
4 2 4 00000000 00000000
4 4 6 0000000000000000 000000000000100000000000
6 5 5 000000000000000100000000000010 0000000000000000000000000
5 5 4 0000000000000000000100000 00000000000010000000
4 5 8 00000111001010000000 0000000000000000000000000000000000000001
5 3 2 000000000000100 000000
3 3 3 100000000 000000000
5 5 4 0000000000010001100000000 00000000000001100010
6 6 5 000000000000000000000000000000000010 000000000000000000100000000000
2 5 6 0000000001 010000000000000000010010000000
5 5 5 0000000000001001000000000 0000010000000000000000001
2 4 2 00000011 00000000
3 4 4 000010000000 0000000000000000
5 6 5 100000000000110000000000000010 000000000000000100000000000010
3 5 5 000000010000000 0000000000000000000100000
4 4 5 0000000010000001 00000111001010000000
7 7 7 1000000000000000000000010000000000000000000000000 0000000010000000000001000000000000000000000000001
3 3 3 000000001 100000000
4 5 5 00000100001100000000 0000000000010001100000000
5 6 6 000000011000000000000000000110 000000000000000000000000000000000010
2 2 5 0000 0000000001
5 5 5 0000000000010001000000001 0000000000001001000000000
2 6 9 000000000000 100000000101000000001000000000000000000000000100000000
3 3 4 100000001 000010000000
4 5 6 00000000000000000010 100000000000110000000000000010
4 3 5 000000100000 000000010000000
2 4 4 10000000 0000000010000001
3 7 7 000000000000000000001 1000000000000000000000010000000000000000000000000
3 3 6 000000000 010000000000000000
2 4 5 00000001 00000100001100000000
4 5 6 00000000000000000000 000000011000000000000000000110
4 2 2 10000000 0000
1 5 5 01000 0000000000010001000000001
7 2 6 00000000000001 000000000000
4 4 5 1000000000001000 00000010001000000000
4 4 5 0000100010000000 00000000000000000010
6 4 3 000000000000000010010001 000000100000
2 2 4 0001 10000000
5 3 7 000000100100000 000000000000000000001
5 3 3 000000010010001 000000000
1 4 6 0000 010000001000000000000000
5 4 5 00000010000010000111 00000000000000000000
3 4 2 000000000001 10000000
3 1 5 000 01000
4 7 2 0000000101000010000000110010 00000000000001
3 4 4 000000101001 1000000000001000
3 3 5 000000000 000000100000000
3 6 4 000000000000010100 000000000000000010010001
3 2 2 100010 0001
3 5 3 100000000110110 000000100100000
2 5 3 0000000000 000000010010001
4 1 4 1001 0000
4 6 5 010000010000000000101000 100000000010000010000000000000
4 3 4 000100000100 000000000001
3 3 1 000101010 000
1 4 7 0000 0000000101000010000000110010
5 3 4 000100000000100 000000101001
4 3 3 100001110000 000000000
2 6 7 000000000000 001000001010000000000010000010100100000000
4 3 2 000010101000 100010
1 3 5 000 100000000110110
4 2 5 10000010 0000000000
5 4 1 00000000011010010010 1001
2 4 6 00001100 010000010000000000101000
6 4 6 000010000100010010000000 000000000000010000000000
3 3 3 000000100 000101010
3 1 4 101 0000
4 5 3 10000100000011001001 000100000000100
3 4 3 000000000001 100001110000
4 2 6 10001001 000000000000
6 7 3 000000000010001000000010001000111000000000 000100000000000100000
4 1 3 1001 000
2 4 2 01101001 10000010
3 5 4 000001000001000 00000000011010010010
4 2 4 10001000 00001100
4 6 4 100000010010101100000001 000010000100010010000000
4 7 6 0000000000000001100000100000 100000000000000000010010101100000100000000
1 1 1 0 1
2 2 1 0000 01
3 1 1 001 0
3 1 2 000 01
2 2 2 0000 0000
3 2 1 000000 01
3 3 1 000000000 001
3 3 1 000000010 000
6 2 1 000000000000 01
3 1 1 000 0
4 2 2 00000000 0000
5 3 2 000000000001101 000000
6 7 2 000000000000000000000000000000100000000000 00000000000001
5 3 3 000000100100100 000000000
5 3 3 000000000000000 000000010
7 6 2 000000000000000000000000000000010000010001 000000000000
5 5 4 0000000000000000000000000 00000000000011000001
6 3 1 100000000000000000 000
3 4 2 000000000000 00000000
4 5 3 00000000000000000000 000000000001101
8 6 7 000000000000000000100000000000001000000100000101 000000000000000000000000000000100000000000
5 3 4 000000000000000 000001100001
3 2 1 000001 00
2 5 3 0000001000 000000100100100
6 5 3 000000000000000000000000000000 000000000000000
7 7 6 0000000010000000000000000000010000000000000000000 000000000000000000000000000000010000010001
4 5 5 00000000000000000001 0000000000000000000000000
4 4 4 0000000000000000 0000000000000001
3 6 3 000000000000000001 100000000000000000
5 3 4 000000000100000 000000000000
5 4 5 00000000010000000100 00000000000000000000
4 8 6 00000000101000000000000000000000 000000000000000000100000000000001000000100000101
7 5 3 00000100000000000000000000110000010 000000000000000
4 4 5 0000000000000010 00000010000000000001
4 2 5 00000000 0000001000
5 6 5 000000000000101000101000000000 000000000000000000000000000000
4 7 7 0000000000000000000000000000 0000000010000000000000000000010000000000000000000
6 4 5 000000000000000000000000 00000000000000000001
4 4 4 0000000000000000 0000000000000000
6 6 6 000000100000000000000000000000100010 000000000000000000000000000000000001
5 5 3 0000000000010000000001000 000000000100000
7 5 4 00000000000000001000000000000000010 00000000010000000100
5 4 8 00001000000010000000 00000000101000000000000000000000
3 7 5 100000010110000001000 00000100000000000000000000110000010
6 4 4 000000000000000011000000 0000000000000010
5 4 5 00000000000010100000 00000000000000000001
5 5 6 0000000000000000000000000 000000000000101000101000000000
8 4 7 00000000000000000000000000001010 0000000000000000000000000000
3 6 4 000000000000000000 000000000000000000000000
5 4 4 00000000000001110101 0000000000000000
4 6 6 000000000000000000000010 000000100000000000000000000000100010
5 4 6 00000000000010000000 000000000000100000000001
6 7 5 000000000000000000000100000010000000000100 00000000000000001000000000000000010
3 5 4 000000000000000 00001000000010000000
6 3 7 000000000000000000 100000010110000001000
4 6 4 000000010000000000010000 000000000000000011000000
2 5 4 0100001001 00000000000010100000
5 5 5 0000000000000000000000000 0000000000000001100000001
3 8 4 000000000000000000000110 00000000000000000000000000001010
4 3 6 000000000000 000000000000000000
3 5 4 000000000000100 00000000000001110101
2 4 6 00000010 000000000000000000000010
5 5 4 0000001000100001000001001 00000000000010000000
4 6 7 000000000000000000000000 000000000000000000000000000010001000000001
5 3 5 000000000000011 000000000000000
2 6 3 000000000000 000000000000000000
2 4 6 00000000 000000010000000000010000
4 2 5 00000000 0100001001
5 5 5 0000001000000000000000001 0000000000000000000000000
3 7 7 000000000000000000000 0000000000000000000000000000000000000000000000000
7 4 3 0000000001100000000001000101 000000000000
3 3 5 000000100 000000000000100
1 2 4 00 00000010
2 5 5 0000000000 0000001000100001000001001
5 4 6 00001000000000000001 000000000000000000000000
5 3 7 000000000000000 010000000000000000000
3 2 6 000001 000000000000
1 2 4 00 00000000
4 4 2 0000000000000100 00000000
2 5 5 0000000000 0000001000000000000000001
5 3 7 100000000000001 000000000000000000000
4 5 6 10000000000000000000 000000000000010000000000000000
2 3 3 000000 000000100
4 1 2 0001 00
2 2 5 0000 0000000000
3 5 4 000000000000000 00001000000000000001
4 5 3 00000000000001010001 000000000000000
3 4 9 000000000000 000000000000000000010000000000000000
4 1 2 0001 00
2 4 4 00001000 0000000000000100
2 2 5 0000 0000000000
4 5 3 00000000000001001000 100000000000001
3 4 5 000000000000 10000000000000000000
2 4 4 00000000 0000000000000000
2 4 1 00001000 0001
2 2 2 0000 0000
4 3 5 000000001100 000000000000000
2 4 5 10000000 00000000000001010001
3 3 4 000000000 000000000000
6 4 3 000000000000000000000100 000000000000
3 2 4 000000 00001000
4 2 2 00000110 0000
2 4 5 10000000 00000000000001001000
2 3 4 000000 000000000000
5 2 4 0000011000 00000000
3 5 3 100000000000000 000000000010000
3 2 2 001001 0000
3 4 3 000010001100 000000001100
3 2 4 000000 10000000
4 3 3 000000110001 000000000
3 6 4 000000100000001100 000000000000000000000100
3 3 4 000000000 100000000000
2 4 2 00001000 00000110
1 2 4 00 10000000
5 2 3 0000001001 000000
4 5 2 00000100000000000000 0000011000
3 3 5 000000001 100000000000000
5 4 5 00000000010010000000 00000000001000000000
1 3 4 000 000010001100
4 3 2 000100110001 000000
4 4 3 0000000010001100 000000110001
3 3 6 000000000 000000100000001100
5 3 3 000100010100001 000000000
3 5 3 000001000000000 000000010100000
1 1 1 0 1
2 2 1 0000 01
3 1 1 001 0
2 1 2 00 01
2 2 2 0000 0000
2 2 1 0000 01
3 3 1 000000000 001
3 2 1 000000 00
5 2 1 0000000000 01
4 1 1 0000 0
2 1 1 00 0
2 2 1 0000 00
4 2 2 00000001 0000
5 2 2 0000010001 0000
4 6 2 000000000000010000000000 000000000001
2 3 3 000000 000000000
6 3 2 000000000000000111 000000
4 5 2 00000000000000000000 0000000000
4 7 5 0000000000000000000000000000 00000000000000000000000001100000001
6 2 1 000010100011 00
3 2 2 000000 0000
4 4 2 0000000000000110 00000001
3 5 2 000000000000000 0000010001
4 4 6 0000000001000100 000000000000010000000000
7 5 7 00000000000000000000000001100010000 00000000000000100000000000000000001
2 3 2 000001 000000
1 2 3 00 000000
3 6 3 000000000000101010 000000000000000111
3 4 5 000000000000 00000000000000000000
5 4 7 00001000000000001000 0000000000000000000000000000
5 7 4 00000000000000000000010000001010100 0000000000000000000001000001
2 3 2 000000 000000
3 4 4 000000000000 0000000000000110
3 3 5 000000000 000000000000000
4 4 4 0000000000000000 0000000001000100
6 7 5 000000001000000000000000000011010000000100 00000000000000000000000001100010000
5 4 6 00000000000000001000 000000110000000000000001
4 1 2 0100 00
3 3 6 000000000 000000000000101010
4 3 4 000100100000 000000000000
5 5 4 0000000000000000000010000 00001000000000001000
5 5 7 0000000000000001100000000 00000000000000000000010000001010100
6 5 5 000000010000000100000000000000 0000010000000001000000001
4 3 4 000010010000 000000000000
4 3 3 000000000010 000000000
5 4 4 00000000100000001000 0000000000000000
3 6 7 000000000000100000 000000001000000000000000000011010000000100
5 5 4 0000000000010100100000000 00000000000000001000
8 6 4 000000110000000000000000000000000000001010000000 000000000000000000000001
3 3 3 000000000 000000000
8 4 3 10000000100000000000000000000110 000100100000
3 5 5 000000000001000 0000000000000000000010000
2 5 5 0000000000 0000000000000001100000000
5 6 5 000000000000000000100001100000 000000010000000100000000000000
4 3 7 000000000000 000000000000000000001
5 4 3 00000000000000000100 000000000010
4 5 4 00000000000100000000 00000000100000001000
4 3 6 000000000100 000000000000100000
1 5 5 00000 0000000000010100100000000
2 8 6 0010000000000001 000000110000000000000000000000000000001010000000
4 3 3 000000000000 000000001
2 8 4 0000000000001010 10000000100000000000000000000110
3 3 5 000000000 000000000001000
4 2 5 00000000 0000000000
2 5 6 0000000100 000000000000000000100001100000
6 4 3 000000000000000000000001 000000000000
7 5 6 00000000000000000000000000000000000 000000000000000000110100100001
4 4 5 0000100000000000 00000000000100000000
4 4 3 0000000011000000 000000000100
4 1 5 0000 00000
5 2 8 0000000000 0010000000000001
6 4 3 000010000000110000001101 000000000000
2 7 6 00000000000000 000000000000000000000000000000000000000000
4 3 3 010000100000 000000000
3 4 2 000000001001 00000000
3 2 5 000000 0000000100
1 6 4 110000 000000000000000000000001
5 7 5 00000000000000011100000000100111001 00000000000000000000000000000000000
5 2 5 0000000000 0000000000
1 4 4 0000 0000000011000000
4 4 1 0000000000000000 0000
4 5 2 00000000000001000000 0000000000
2 6 4 000000000000 000010000000110000001101
7 2 7 00000000000001 00000000000000
4 4 5 0000000000000000 00000000000000000000
4 3 4 100000000000 000000001001
6 3 2 000000000000010010 000000
4 1 6 0000 110000
4 5 7 00000000000000000000 00000000000000011100000000100111001
5 5 2 0000000000000101001010001 0000000000
3 4 7 000000000000 1000000000000000000000000000
4 4 4 1000000000000001 0000000000000000
4 4 5 0000100000000001 00000000000001000000
3 2 6 100100 000000000000
4 7 2 1000000000000000000101001000 00000000000001
3 4 4 000000101001 0000000000000000
3 5 6 010000010000000 000000000000000000110000110000
3 6 3 000000100000000100 000000000000010010
4 4 1 1000000000000000 0000
2 4 5 00010000 00000000000000000000
2 5 5 0000000000 0000000000000101001010001
4 3 4 100000000000 000000000000
5 5 6 1000000000000000000000000 000000100000100000000000000000
4 4 4 1000000000000000 0000100000000001
3 3 2 000001000 100100
1 4 7 0000 1000000000000000000101001000
4 3 4 100000000000 000000101001
5 3 5 000000001000000 010000010000000
2 6 6 000000100000 000000001000000000000000000010000000
3 4 4 000000100000 1000000000000000
2 2 4 0000 00010000
3 2 5 001100 0000000000
4 4 3 0000001000010010 100000000000
2 5 5 0000000000 1000000000000000000000000
4 3 6 000100000010 000000000000000000
2 3 3 000100 000001000
3 1 4 010 0000
3 4 3 000000100001 100000000000
3 5 3 000000000000001 000000001000000
3 2 6 001000 000000100000
3 6 4 000000000100001000 100000000000000000000000
4 2 2 00100011 0000
2 3 2 000001 001100
2 4 4 00001000 0000001000010010
5 2 5 0010000000 0000000000
2 4 3 00100000 000100000010
2 6 5 000000110000 000000000000010001000010000000
2 1 1 00 1
3 2 1 000000 01
4 2 1 00000001 00
1 2 2 00 0001
2 3 2 000000 000000
4 2 1 00000000 01
3 2 1 000000 00
3 1 1 000 0
3 4 2 000000000000 00000001
5 1 2 00000 00
7 3 2 000000000000000000000 100001
5 3 1 100000000000000 010
4 1 2 0000 00
2 2 2 0000 0000
4 2 3 00000001 000000
7 4 2 0000000000000000000100000001 00000000
10 8 2 00000000000000000000000000000000000000000000000000000000000000000001000000000000 0000000000000001
3 3 1 000000010 000
3 3 1 010000000 000
4 3 4 100000000000 000000000000
9 5 1 000000000000000000000000000000000000000000111 00000
7 7 3 0000000000000000000000000000000000000100000010001 000000000000000000000
6 4 1 100000000000000000000001 0000
4 2 2 10100000 0000
5 4 2 00000000000000000110 00000001
3 7 4 000000000000000000000 0000000000000000000100000001
4 3 3 000010000001 010000000
2 4 3 00000000 100000000000
3 9 5 000000000000000000000001010 000000000000000000000000000000000000000000111
3 4 2 000000000001 10100000
3 5 4 000000000000000 00000000000000000110
2 2 4 0000 00000000
2 1 1 00 1
1 1 1 0 0
5 3 1 000000000000000 001
5 2 1 0000000001 00
1 3 2 000 000001
1 1 1 0 0
2 1 1 00 0
2 5 3 0000000000 000000000000000
4 4 1 0000000000000000 0001
1 1 1 0 0
4 5 2 00000000000000000000 0000000001
5 1 3 00000 000
7 4 3 0000000000000000000010000000 000000000001
3 1 1 000 0
3 2 1 001000 00
0 2 1 - 00
4 2 5 00000001 0000000000
8 4 4 00000000100000000000100110000001 0000000000000000
8 7 3 00000000000000000000000000000000000000000000100000000000 000000000000000000001
1 1 1 0 0
4 4 5 1000100010001000 00000000000000000000
7 5 1 00000000000000000000110000000001111 00000
7 7 4 0000000000000000000000000000000000000100000010001 0000000000000000000010000000
7 8 6 00000000000000000000000000000000000000000000000000000000 000000000000000000000000000000000000011000000001
7 3 2 000100000000000000001 001000
4 4 2 0000000000000110 00000001
5 8 4 0000000000000000000000000000000000000000 00000000100000000000100110000001
7 8 7 10000000000000000000000000001000000010001000010010000101 00000000000000000000000000000000000000000000100000000000
8 7 10 00000000000000111000000000000000000100100000000000000000 1000000000100000000000000000001000000000000100000010000000001000000001
2 1 1 01 0
2 4 4 00000000 1000100010001000
4 7 5 0000000000000000000000001010 00000000000000000000110000000001111
4 7 7 0000000000000000000000001100 0000000000000000000000000000000000000100000010001
7 7 8 0000000000000000000000000000000000000000001000001 00000000000000000000000000000000000000000000000000000000
7 9 6 000000000000000000000000000000000000000000000000100000000000100 000000000000000000000000000000000000000000000100000001
2 4 4 00000000 0000000000000110
1 5 8 00000 0000000000000000000000000000000000000000
5 7 8 00000000100000000000000000000001100 10000000000000000000000000001000000010001000010010000101
8 8 7 0000000000000000000000000000000000000000000000000001000000001000 00000000000000111000000000000000000100100000000000000000
4 5 7 00000000000000000100 00000000100000000000000000000000001
1 2 4 00 00000000
4 4 7 0000000000000000 0000000000000000000000001010
3 4 7 000000000000 0000000000000000000000001100
3 7 7 000000000000000000000 0000000000000000000000000000000000000000001000001
4 7 9 0000000000000000000000000000 000000000000000000000000000000000000000000000000100000000000100
4 2 4 00000000 00000000
4 1 5 0000 00000
4 5 7 00000000000000000000 00000000100000000000000000000001100
4 8 8 10000000100000001001100010001000 0000000000000000000000000000000000000000000000000001000000001000
3 4 4 000000000000 0000000000000000
5 3 4 000000000000010 000000000000
4 3 7 000000000000 000000000000000000000
4 4 1 0000000000000100 0000
4 4 5 0000000000000000 00000000000000000000
5 5 3 0000010000111000000000110 000000000000010
3 2 1 000000 01
0 1 1 - 0
3 1 1 010 0
2 2 2 0000 0001
3 3 2 000100101 000000
2 2 2 0000 0001
1 3 1 000 010
1 2 2 00 0000
5 4 2 00000000000000000000 00000001
3 3 3 000000000 000100101
5 2 2 0000000000 0000
3 3 2 000000000 000001
1 1 3 0 000
3 1 2 001 00
5 5 4 0000000000000010000000001 00000000000000000000
8 5 3 0000000000000000000000000000000100000000 000000000000001
2 3 3 000100 000000000
6 5 2 010000000000000000000100000111 0000000000
6 3 3 000000000000100101 000000000
6 8 6 000000000000000000000000000000000000000000000000 000000000000000000000000000000000000011000000001
5 2 1 0000000001 00
3 1 1 000 0
3 3 1 000000110 001
3 5 5 000000000000000 0000000000000010000000001
6 8 5 000000000000000000001000000010000000010000000101 0000000000000000000000000000000100000000
5 6 8 000000000000011000000000000000 000000000000000000000000010000000000000000000001
1 2 3 00 000100
3 6 5 000000000000000000 010000000000000000000100000111
4 6 3 000000000000000000001100 000000000000100101
4 6 8 000000000000000000000001 000000000000000000000000000000000000000000000000
6 7 6 000000000000000000000000000000000000100000 000000000000000000000000000000000100000001
2 3 1 000001 000
2 3 3 000000 000000110
2 3 5 000000 000000000000000
3 6 8 000000000000001100 000000000000000000001000000010000000010000000101
7 5 6 00000000000000000000000001000001000 000000000000011000000000000000
4 4 7 0000000000000100 0100000000000000100000000001
1 1 2 0 00
3 3 6 000000000 000000000000000000
2 4 6 00000000 000000000000000000001100
4 4 6 0000000000000000 000000000000000000000001
5 6 7 000000100000000000000000000000 000000000000000000000000000000000000100000
6 4 5 000000000000000000001010 00000000000000000001
3 2 3 000000 000000
3 2 3 000000 000000
4 3 6 000000000000 000000000000001100
4 7 5 0000000000000000110000001000 00000000000000000000000001000001000
5 4 4 00000000010000000000 0000000000000100
4 4 3 0000000001000000 000000000001
3 3 3 100000000 000000000
5 2 4 0000000010 00000000
2 4 4 00000000 0000000000000000
4 5 6 00000000000011100101 000000100000000000000000000000
5 6 4 000000000000000010000000010000 000000000000000000001010
3 3 5 000010000 000000000000001
4 3 2 000000000100 000000
2 4 3 00000000 000000000000
3 4 7 000010000000 0000000000000000110000001000
4 5 4 00000000000000000010 00000000010000000000
2 4 4 01000101 0000000001000000
2 5 5 0000000000 0000010000000000000000001
3 5 2 111000000000110 0000000010
2 2 4 0000 00000000
3 4 5 000000000100 00000000000011100101
3 5 6 010000000001010 000000000000000010000000010000
2 3 3 000001 000010000
4 3 6 000000000000 000000000000000001
3 2 4 000001 00000000
3 3 4 000000000 000010000000
3 4 5 000000000110 00000000000000000010
1 2 4 00 01000101
3 2 5 000001 0000000000
2 5 6 0000000000 000000000000000000000000000000
5 2 2 0000001001 0000
2 3 4 110000 000000000100
2 3 5 000000 010000000001010
1 2 3 00 000001
1 4 3 0001 000000000000
3 2 6 000000 000000000000
1 3 3 001 000000000
2 3 4 000010 000000000110
4 1 2 0000 00
0 3 2 - 000001
4 2 5 00000001 0000000000
1 2 3 00 110000
5 2 3 0000001010 000000
2 1 2 00 00
1 1 4 0 0001
4 2 3 00000010 000010
2 4 1 00000001 0000
1 5 2 00100 0000001010
2 2 1 0000 00
3 2 4 000000 00000001
1 1 1 0 0
3 3 1 000000000 000
2 3 1 000100 000
6 3 1 000000000100010000 001
3 2 1 000000 00
4 1 1 0000 0
3 3 3 000100000 000000000
7 6 2 000000000000000000000000101000001000000000 000000010100
4 1 1 0000 0
3 1 1 000 0
4 2 3 00000010 000100
4 2 3 00001000 000000
8 6 3 000000000000000000000000000000000000000000010000 000000000100010000
6 5 3 000000000000000000000000011001 000000000000000
3 1 1 001 0
3 3 2 000000100 000000
6 4 1 010001000000110000000100 0000
5 3 3 000000000000000 000100000
6 7 6 000000000000000000000000000000000000100000 000000000000000000000000101000001000000000
4 3 1 000000100000 000
5 4 2 10000000100000001010 00000010
3 4 2 000000001000 00001000
4 8 6 00000000000000000100000000000000 000000000000000000000000000000000000000000010000
4 3 3 000110000000 000000100
3 6 4 000000000000000000 010001000000110000000100
2 5 3 0000000000 000000000000000
3 5 4 000000100000000 10000000100000001010
2 3 4 000010 000000001000
4 3 6 000000000000 000000000000000000
2 1 1 00 0
2 2 1 0000 00
4 1 1 0000 0
2 2 1 0000 00
5 3 3 000000000000001 000000000
7 3 2 000000000000000101000 000000
3 2 1 001000 00
5 1 2 00010 00
3 2 2 000000 0000
4 3 3 000000100000 000000000
8 6 4 000000000000000000000000000000000000000000100000 000000000000000000000000
3 5 1 000000000000000 00000
4 2 2 00000000 0000
5 4 1 00001000100001000000 0000
5 2 2 0000000000 0000
7 5 3 10000000000000000000000000000000000 000000000000001
5 3 2 000000000000000 001000
5 5 1 0000000000000001010001000 00010
4 3 2 000000010000 000000
4 4 3 0000000010000000 000000100000
6 4 2 000000001000000000000000 00000000
3 5 4 000000000000000 00001000100001000000
4 5 2 00000000001000000000 0000000000
4 5 5 00000000000000000000 0000000000000001010001000
4 4 3 0000000010000000 000000010000
6 3 5 000000000000000010 000000000000000
1 1 1 0 1
2 2 1 0000 01
3 1 1 001 0
1 1 2 0 01
1 2 2 00 0000
2 2 1 0000 01
2 3 1 000000 001
3 1 1 000 0
5 2 1 0000000000 01
0 1 1 - 0
3 1 2 001 00
5 2 2 0000010001 0000
5 6 2 000000000000000000010000000000 000000000001
2 2 3 0000 000000
5 3 1 000000000000111 000
5 5 2 0000000000000001000010001 0000000000
5 6 5 000000000000000000000000000000 000000000000000000001100000001
5 1 1 00001 0
3 3 1 000000110 001
3 5 2 000000000000000 0000010001
5 5 6 0000001000010000010000101 000000000000000000010000000000
5 5 7 0000000000100000000000000 00000001000000000000000011000000001
1 2 2 00 0000
3 5 3 000000000001010 000000000000111
3 5 5 000000000001100 0000000000000001000010001
4 5 6 00000000000000000001 000000000000000000000000000000
5 6 5 000000000000000000100000000100 000000000000000000000010000001
1 3 3 000 000000110
1 3 5 000 000000000000000
3 5 5 000000000001100 0000001000010000010000101
5 5 5 0000000000000001000001000 0000000000100000000000000
3 5 6 000000000001000 100000000000010000000000000001
0 1 2 - 00
2 3 5 000000 000000000001010
2 3 5 000000 000000000001100
3 4 5 000000000000 00000000000000000001
4 5 6 00000000000000000000 000000000000000000100000000100
5 3 4 000000000000010 000000000001
2 1 3 00 000
3 1 3 000 000
3 3 5 000000000 000000000001100
3 5 5 000001100001000 0000000000000001000001000
5 3 5 000000100000000 000000000001000
4 4 3 0000000001000000 000000000001
3 2 3 000000 000000
4 2 3 00000010 000000
2 3 4 000000 000000000000
4 4 5 0000000001110101 00000000000000000000
4 5 3 00000000100000010000 000000000000010
2 2 5 1000 0000000001
3 3 1 000000100 000
3 3 3 000000000 000000000
3 3 5 000000000 000001100001000
3 5 3 000000000000010 000000100000000
2 4 4 10001001 0000000001000000
2 3 3 000000 000000001
3 4 2 110000000110 00000010
1 2 3 00 000000
2 4 4 00000100 0000000001110101
4 4 5 1000000000001010 00000000100000010000
2 2 2 0001 1000
3 4 5 000000000000 00000000000100000001
3 3 3 000000011 000000000
2 3 3 000000 000000000
3 3 5 000000110 000000000000010
1 2 4 00 10001001
2 2 3 0001 000000
3 4 6 000010000000 000000000000000000000000
4 1 2 0001 00
2 2 4 1000 00000100
2 4 4 00000000 1000000000001010
0 2 2 - 0001
2 3 4 010001 000000000000
3 2 5 000000 0000000000
1 2 3 01 000000
2 3 3 000010 000000110
3 1 2 000 00
0 2 2 - 0001
4 3 4 000000000001 000010000000
4 2 5 00000000 0000000000
1 2 2 00 1000
4 2 4 00001010 00000000
1 2 3 00 010001
4 3 2 000010010001 000000
2 3 5 000000 000000000000000
3 2 3 000010 000010
2 3 1 000001 000
3 4 3 000000101000 000000000001
2 4 2 00101001 00000000
1 2 3 00 000000
1 4 2 0100 00001010
2 1 2 10 00
0 4 3 - 000010010001
3 2 3 000001 000000
4 2 4 00000000 00000000
2 2 3 0000 000001
0 3 4 - 000000101000
2 2 4 0000 00101001
4 1 2 0100 00
1 4 3 0000 000000010000
3 2 2 001000 0000
1 2 1 00 10
4 3 2 000100010100 000001
2 4 2 11000000 00000000
2 1 4 00 0000
1 3 1 100 010
3 2 2 001001 0000
2 4 1 00000001 0100
2 1 4 01 0000
4 4 3 0000010010000000 000000000000
2 1 2 01 00
1 4 3 1000 000100010100
3 2 4 000000 11000000
3 2 1 100001 00
2 5 3 1000000000 000010100100000
